============================= test session starts ==============================
platform linux -- Python 3.10.1, pytest-6.2.5, py-1.11.0, pluggy-1.0.0
rootdir: /home/bjoern/src/aoc/2021
collected 57 items / 55 deselected / 2 selected

tests/test_aoc2021_17.py .vx/vy/x/y/n/ny: 6, 0, 20, -10, 5, 5
vx/vy/x/y/n/ny: 6, 1, 20, -5, 5, 5
vx/vy/x/y/n/ny: 6, 1, 20, -9, 5, 6
vx/vy/x/y/n/ny: 6, 2, 20, -7, 5, 7
vx/vy/x/y/n/ny: 6, 3, 20, -9, 5, 9
vx/vy/x/y/n/ny: 6, 4, 20, -5, 5, 10
vx/vy/x/y/n/ny: 6, 5, 20, -6, 5, 12
vx/vy/x/y/n/ny: 6, 6, 20, -7, 5, 14
vx/vy/x/y/n/ny: 6, 7, 20, -8, 5, 16
vx/vy/x/y/n/ny: 6, 8, 20, -9, 5, 18
vx/vy/x/y/n/ny: 6, 9, 20, -10, 5, 20
vx/vy/x/y/n/ny: 6, 1, 21, -9, 6, 6
vx/vy/x/y/n/ny: 6, 2, 21, -7, 6, 7
vx/vy/x/y/n/ny: 6, 3, 21, -9, 6, 9
vx/vy/x/y/n/ny: 6, 4, 21, -5, 6, 10
vx/vy/x/y/n/ny: 6, 5, 21, -6, 6, 12
vx/vy/x/y/n/ny: 6, 6, 21, -7, 6, 14
vx/vy/x/y/n/ny: 6, 7, 21, -8, 6, 16
vx/vy/x/y/n/ny: 6, 8, 21, -9, 6, 18
vx/vy/x/y/n/ny: 6, 9, 21, -10, 6, 20
vx/vy/x/y/n/ny: 6, 2, 21, -7, 7, 7
vx/vy/x/y/n/ny: 6, 3, 21, -9, 7, 9
vx/vy/x/y/n/ny: 6, 4, 21, -5, 7, 10
vx/vy/x/y/n/ny: 6, 5, 21, -6, 7, 12
vx/vy/x/y/n/ny: 6, 6, 21, -7, 7, 14
vx/vy/x/y/n/ny: 6, 7, 21, -8, 7, 16
vx/vy/x/y/n/ny: 6, 8, 21, -9, 7, 18
vx/vy/x/y/n/ny: 6, 9, 21, -10, 7, 20
vx/vy/x/y/n/ny: 6, 3, 21, -9, 8, 9
vx/vy/x/y/n/ny: 6, 4, 21, -5, 8, 10
vx/vy/x/y/n/ny: 6, 5, 21, -6, 8, 12
vx/vy/x/y/n/ny: 6, 6, 21, -7, 8, 14
vx/vy/x/y/n/ny: 6, 7, 21, -8, 8, 16
vx/vy/x/y/n/ny: 6, 8, 21, -9, 8, 18
vx/vy/x/y/n/ny: 6, 9, 21, -10, 8, 20
vx/vy/x/y/n/ny: 6, 3, 21, -9, 9, 9
vx/vy/x/y/n/ny: 6, 4, 21, -5, 9, 10
vx/vy/x/y/n/ny: 6, 5, 21, -6, 9, 12
vx/vy/x/y/n/ny: 6, 6, 21, -7, 9, 14
vx/vy/x/y/n/ny: 6, 7, 21, -8, 9, 16
vx/vy/x/y/n/ny: 6, 8, 21, -9, 9, 18
vx/vy/x/y/n/ny: 6, 9, 21, -10, 9, 20
vx/vy/x/y/n/ny: 6, 4, 21, -5, 10, 10
vx/vy/x/y/n/ny: 6, 5, 21, -6, 10, 12
vx/vy/x/y/n/ny: 6, 6, 21, -7, 10, 14
vx/vy/x/y/n/ny: 6, 7, 21, -8, 10, 16
vx/vy/x/y/n/ny: 6, 8, 21, -9, 10, 18
vx/vy/x/y/n/ny: 6, 9, 21, -10, 10, 20
vx/vy/x/y/n/ny: 6, 5, 21, -6, 11, 12
vx/vy/x/y/n/ny: 6, 6, 21, -7, 11, 14
vx/vy/x/y/n/ny: 6, 7, 21, -8, 11, 16
vx/vy/x/y/n/ny: 6, 8, 21, -9, 11, 18
vx/vy/x/y/n/ny: 6, 9, 21, -10, 11, 20
vx/vy/x/y/n/ny: 6, 5, 21, -6, 12, 12
vx/vy/x/y/n/ny: 6, 6, 21, -7, 12, 14
vx/vy/x/y/n/ny: 6, 7, 21, -8, 12, 16
vx/vy/x/y/n/ny: 6, 8, 21, -9, 12, 18
vx/vy/x/y/n/ny: 6, 9, 21, -10, 12, 20
vx/vy/x/y/n/ny: 6, 6, 21, -7, 13, 14
vx/vy/x/y/n/ny: 6, 7, 21, -8, 13, 16
vx/vy/x/y/n/ny: 6, 8, 21, -9, 13, 18
vx/vy/x/y/n/ny: 6, 9, 21, -10, 13, 20
vx/vy/x/y/n/ny: 6, 6, 21, -7, 14, 14
vx/vy/x/y/n/ny: 6, 7, 21, -8, 14, 16
vx/vy/x/y/n/ny: 6, 8, 21, -9, 14, 18
vx/vy/x/y/n/ny: 6, 9, 21, -10, 14, 20
vx/vy/x/y/n/ny: 6, 7, 21, -8, 15, 16
vx/vy/x/y/n/ny: 6, 8, 21, -9, 15, 18
vx/vy/x/y/n/ny: 6, 9, 21, -10, 15, 20
vx/vy/x/y/n/ny: 6, 7, 21, -8, 16, 16
vx/vy/x/y/n/ny: 6, 8, 21, -9, 16, 18
vx/vy/x/y/n/ny: 6, 9, 21, -10, 16, 20
vx/vy/x/y/n/ny: 6, 8, 21, -9, 17, 18
vx/vy/x/y/n/ny: 6, 9, 21, -10, 17, 20
vx/vy/x/y/n/ny: 6, 8, 21, -9, 18, 18
vx/vy/x/y/n/ny: 6, 9, 21, -10, 18, 20
vx/vy/x/y/n/ny: 6, 9, 21, -10, 19, 20
vx/vy/x/y/n/ny: 7, -1, 22, -10, 4, 4
vx/vy/x/y/n/ny: 7, 0, 22, -6, 4, 4
vx/vy/x/y/n/ny: 7, 0, 22, -10, 4, 5
vx/vy/x/y/n/ny: 7, 1, 22, -5, 4, 5
vx/vy/x/y/n/ny: 7, 1, 22, -9, 4, 6
vx/vy/x/y/n/ny: 7, 2, 22, -7, 4, 7
vx/vy/x/y/n/ny: 7, 3, 22, -9, 4, 9
vx/vy/x/y/n/ny: 7, 4, 22, -5, 4, 10
vx/vy/x/y/n/ny: 7, 5, 22, -6, 4, 12
vx/vy/x/y/n/ny: 7, 6, 22, -7, 4, 14
vx/vy/x/y/n/ny: 7, 7, 22, -8, 4, 16
vx/vy/x/y/n/ny: 7, 8, 22, -9, 4, 18
vx/vy/x/y/n/ny: 7, 0, 25, -10, 5, 5
vx/vy/x/y/n/ny: 7, 1, 25, -5, 5, 5
vx/vy/x/y/n/ny: 7, 1, 25, -9, 5, 6
vx/vy/x/y/n/ny: 7, 2, 25, -7, 5, 7
vx/vy/x/y/n/ny: 7, 3, 25, -9, 5, 9
vx/vy/x/y/n/ny: 7, 4, 25, -5, 5, 10
vx/vy/x/y/n/ny: 7, 5, 25, -6, 5, 12
vx/vy/x/y/n/ny: 7, 6, 25, -7, 5, 14
vx/vy/x/y/n/ny: 7, 7, 25, -8, 5, 16
vx/vy/x/y/n/ny: 7, 8, 25, -9, 5, 18
vx/vy/x/y/n/ny: 7, 9, 25, -10, 5, 20
vx/vy/x/y/n/ny: 7, 1, 27, -9, 6, 6
vx/vy/x/y/n/ny: 7, 2, 27, -7, 6, 7
vx/vy/x/y/n/ny: 7, 3, 27, -9, 6, 9
vx/vy/x/y/n/ny: 7, 4, 27, -5, 6, 10
vx/vy/x/y/n/ny: 7, 5, 27, -6, 6, 12
vx/vy/x/y/n/ny: 7, 6, 27, -7, 6, 14
vx/vy/x/y/n/ny: 7, 7, 27, -8, 6, 16
vx/vy/x/y/n/ny: 7, 8, 27, -9, 6, 18
vx/vy/x/y/n/ny: 7, 9, 27, -10, 6, 20
vx/vy/x/y/n/ny: 7, 2, 28, -7, 7, 7
vx/vy/x/y/n/ny: 7, 3, 28, -9, 7, 9
vx/vy/x/y/n/ny: 7, 4, 28, -5, 7, 10
vx/vy/x/y/n/ny: 7, 5, 28, -6, 7, 12
vx/vy/x/y/n/ny: 7, 6, 28, -7, 7, 14
vx/vy/x/y/n/ny: 7, 7, 28, -8, 7, 16
vx/vy/x/y/n/ny: 7, 8, 28, -9, 7, 18
vx/vy/x/y/n/ny: 7, 9, 28, -10, 7, 20
vx/vy/x/y/n/ny: 7, 3, 28, -9, 8, 9
vx/vy/x/y/n/ny: 7, 4, 28, -5, 8, 10
vx/vy/x/y/n/ny: 7, 5, 28, -6, 8, 12
vx/vy/x/y/n/ny: 7, 6, 28, -7, 8, 14
vx/vy/x/y/n/ny: 7, 7, 28, -8, 8, 16
vx/vy/x/y/n/ny: 7, 8, 28, -9, 8, 18
vx/vy/x/y/n/ny: 7, 9, 28, -10, 8, 20
vx/vy/x/y/n/ny: 7, 3, 28, -9, 9, 9
vx/vy/x/y/n/ny: 7, 4, 28, -5, 9, 10
vx/vy/x/y/n/ny: 7, 5, 28, -6, 9, 12
vx/vy/x/y/n/ny: 7, 6, 28, -7, 9, 14
vx/vy/x/y/n/ny: 7, 7, 28, -8, 9, 16
vx/vy/x/y/n/ny: 7, 8, 28, -9, 9, 18
vx/vy/x/y/n/ny: 7, 9, 28, -10, 9, 20
vx/vy/x/y/n/ny: 7, 4, 28, -5, 10, 10
vx/vy/x/y/n/ny: 7, 5, 28, -6, 10, 12
vx/vy/x/y/n/ny: 7, 6, 28, -7, 10, 14
vx/vy/x/y/n/ny: 7, 7, 28, -8, 10, 16
vx/vy/x/y/n/ny: 7, 8, 28, -9, 10, 18
vx/vy/x/y/n/ny: 7, 9, 28, -10, 10, 20
vx/vy/x/y/n/ny: 7, 5, 28, -6, 11, 12
vx/vy/x/y/n/ny: 7, 6, 28, -7, 11, 14
vx/vy/x/y/n/ny: 7, 7, 28, -8, 11, 16
vx/vy/x/y/n/ny: 7, 8, 28, -9, 11, 18
vx/vy/x/y/n/ny: 7, 9, 28, -10, 11, 20
vx/vy/x/y/n/ny: 7, 5, 28, -6, 12, 12
vx/vy/x/y/n/ny: 7, 6, 28, -7, 12, 14
vx/vy/x/y/n/ny: 7, 7, 28, -8, 12, 16
vx/vy/x/y/n/ny: 7, 8, 28, -9, 12, 18
vx/vy/x/y/n/ny: 7, 9, 28, -10, 12, 20
vx/vy/x/y/n/ny: 7, 6, 28, -7, 13, 14
vx/vy/x/y/n/ny: 7, 7, 28, -8, 13, 16
vx/vy/x/y/n/ny: 7, 8, 28, -9, 13, 18
vx/vy/x/y/n/ny: 7, 9, 28, -10, 13, 20
vx/vy/x/y/n/ny: 7, 6, 28, -7, 14, 14
vx/vy/x/y/n/ny: 7, 7, 28, -8, 14, 16
vx/vy/x/y/n/ny: 7, 8, 28, -9, 14, 18
vx/vy/x/y/n/ny: 7, 9, 28, -10, 14, 20
vx/vy/x/y/n/ny: 7, 7, 28, -8, 15, 16
vx/vy/x/y/n/ny: 7, 8, 28, -9, 15, 18
vx/vy/x/y/n/ny: 7, 9, 28, -10, 15, 20
vx/vy/x/y/n/ny: 7, 7, 28, -8, 16, 16
vx/vy/x/y/n/ny: 7, 8, 28, -9, 16, 18
vx/vy/x/y/n/ny: 7, 9, 28, -10, 16, 20
vx/vy/x/y/n/ny: 7, 8, 28, -9, 17, 18
vx/vy/x/y/n/ny: 7, 9, 28, -10, 17, 20
vx/vy/x/y/n/ny: 7, 8, 28, -9, 18, 18
vx/vy/x/y/n/ny: 7, 9, 28, -10, 18, 20
vx/vy/x/y/n/ny: 7, 9, 28, -10, 19, 20
vx/vy/x/y/n/ny: 8, -2, 21, -9, 3, 3
vx/vy/x/y/n/ny: 8, -1, 21, -6, 3, 3
vx/vy/x/y/n/ny: 8, -1, 21, -10, 3, 4
vx/vy/x/y/n/ny: 8, 0, 21, -6, 3, 4
vx/vy/x/y/n/ny: 8, 0, 21, -10, 3, 5
vx/vy/x/y/n/ny: 8, 1, 21, -5, 3, 5
vx/vy/x/y/n/ny: 8, 1, 21, -9, 3, 6
vx/vy/x/y/n/ny: 8, 2, 21, -7, 3, 7
vx/vy/x/y/n/ny: 8, 3, 21, -9, 3, 9
vx/vy/x/y/n/ny: 8, 4, 21, -5, 3, 10
vx/vy/x/y/n/ny: 8, 5, 21, -6, 3, 12
vx/vy/x/y/n/ny: 8, 6, 21, -7, 3, 14
vx/vy/x/y/n/ny: 8, -1, 26, -10, 4, 4
vx/vy/x/y/n/ny: 8, 0, 26, -6, 4, 4
vx/vy/x/y/n/ny: 8, 0, 26, -10, 4, 5
vx/vy/x/y/n/ny: 8, 1, 26, -5, 4, 5
vx/vy/x/y/n/ny: 8, 1, 26, -9, 4, 6
vx/vy/x/y/n/ny: 8, 2, 26, -7, 4, 7
vx/vy/x/y/n/ny: 8, 3, 26, -9, 4, 9
vx/vy/x/y/n/ny: 8, 4, 26, -5, 4, 10
vx/vy/x/y/n/ny: 8, 5, 26, -6, 4, 12
vx/vy/x/y/n/ny: 8, 6, 26, -7, 4, 14
vx/vy/x/y/n/ny: 8, 7, 26, -8, 4, 16
vx/vy/x/y/n/ny: 8, 8, 26, -9, 4, 18
vx/vy/x/y/n/ny: 8, 0, 30, -10, 5, 5
vx/vy/x/y/n/ny: 8, 1, 30, -5, 5, 5
vx/vy/x/y/n/ny: 8, 1, 30, -9, 5, 6
vx/vy/x/y/n/ny: 8, 2, 30, -7, 5, 7
vx/vy/x/y/n/ny: 8, 3, 30, -9, 5, 9
vx/vy/x/y/n/ny: 8, 4, 30, -5, 5, 10
vx/vy/x/y/n/ny: 8, 5, 30, -6, 5, 12
vx/vy/x/y/n/ny: 8, 6, 30, -7, 5, 14
vx/vy/x/y/n/ny: 8, 7, 30, -8, 5, 16
vx/vy/x/y/n/ny: 8, 8, 30, -9, 5, 18
vx/vy/x/y/n/ny: 8, 9, 30, -10, 5, 20
vx/vy/x/y/n/ny: 9, -2, 24, -9, 3, 3
vx/vy/x/y/n/ny: 9, -1, 24, -6, 3, 3
vx/vy/x/y/n/ny: 9, -1, 24, -10, 3, 4
vx/vy/x/y/n/ny: 9, 0, 24, -6, 3, 4
vx/vy/x/y/n/ny: 9, 0, 24, -10, 3, 5
vx/vy/x/y/n/ny: 9, 1, 24, -5, 3, 5
vx/vy/x/y/n/ny: 9, 1, 24, -9, 3, 6
vx/vy/x/y/n/ny: 9, 2, 24, -7, 3, 7
vx/vy/x/y/n/ny: 9, 3, 24, -9, 3, 9
vx/vy/x/y/n/ny: 9, 4, 24, -5, 3, 10
vx/vy/x/y/n/ny: 9, 5, 24, -6, 3, 12
vx/vy/x/y/n/ny: 9, 6, 24, -7, 3, 14
vx/vy/x/y/n/ny: 9, -1, 30, -10, 4, 4
vx/vy/x/y/n/ny: 9, 0, 30, -6, 4, 4
vx/vy/x/y/n/ny: 9, 0, 30, -10, 4, 5
vx/vy/x/y/n/ny: 9, 1, 30, -5, 4, 5
vx/vy/x/y/n/ny: 9, 1, 30, -9, 4, 6
vx/vy/x/y/n/ny: 9, 2, 30, -7, 4, 7
vx/vy/x/y/n/ny: 9, 3, 30, -9, 4, 9
vx/vy/x/y/n/ny: 9, 4, 30, -5, 4, 10
vx/vy/x/y/n/ny: 9, 5, 30, -6, 4, 12
vx/vy/x/y/n/ny: 9, 6, 30, -7, 4, 14
vx/vy/x/y/n/ny: 9, 7, 30, -8, 4, 16
vx/vy/x/y/n/ny: 9, 8, 30, -9, 4, 18
vx/vy/x/y/n/ny: 10, -2, 27, -9, 3, 3
vx/vy/x/y/n/ny: 10, -1, 27, -6, 3, 3
vx/vy/x/y/n/ny: 10, -1, 27, -10, 3, 4
vx/vy/x/y/n/ny: 10, 0, 27, -6, 3, 4
vx/vy/x/y/n/ny: 10, 0, 27, -10, 3, 5
vx/vy/x/y/n/ny: 10, 1, 27, -5, 3, 5
vx/vy/x/y/n/ny: 10, 1, 27, -9, 3, 6
vx/vy/x/y/n/ny: 10, 2, 27, -7, 3, 7
vx/vy/x/y/n/ny: 10, 3, 27, -9, 3, 9
vx/vy/x/y/n/ny: 10, 4, 27, -5, 3, 10
vx/vy/x/y/n/ny: 10, 5, 27, -6, 3, 12
vx/vy/x/y/n/ny: 10, 6, 27, -7, 3, 14
vx/vy/x/y/n/ny: 11, -4, 21, -9, 2, 2
vx/vy/x/y/n/ny: 11, -3, 21, -7, 2, 2
vx/vy/x/y/n/ny: 11, -2, 21, -5, 2, 2
vx/vy/x/y/n/ny: 11, -2, 21, -9, 2, 3
vx/vy/x/y/n/ny: 11, -1, 21, -6, 2, 3
vx/vy/x/y/n/ny: 11, -1, 21, -10, 2, 4
vx/vy/x/y/n/ny: 11, 0, 21, -6, 2, 4
vx/vy/x/y/n/ny: 11, 0, 21, -10, 2, 5
vx/vy/x/y/n/ny: 11, 1, 21, -5, 2, 5
vx/vy/x/y/n/ny: 11, 1, 21, -9, 2, 6
vx/vy/x/y/n/ny: 11, 2, 21, -7, 2, 7
vx/vy/x/y/n/ny: 11, 3, 21, -9, 2, 9
vx/vy/x/y/n/ny: 11, -2, 30, -9, 3, 3
vx/vy/x/y/n/ny: 11, -1, 30, -6, 3, 3
vx/vy/x/y/n/ny: 11, -1, 30, -10, 3, 4
vx/vy/x/y/n/ny: 11, 0, 30, -6, 3, 4
vx/vy/x/y/n/ny: 11, 0, 30, -10, 3, 5
vx/vy/x/y/n/ny: 11, 1, 30, -5, 3, 5
vx/vy/x/y/n/ny: 11, 1, 30, -9, 3, 6
vx/vy/x/y/n/ny: 11, 2, 30, -7, 3, 7
vx/vy/x/y/n/ny: 11, 3, 30, -9, 3, 9
vx/vy/x/y/n/ny: 11, 4, 30, -5, 3, 10
vx/vy/x/y/n/ny: 11, 5, 30, -6, 3, 12
vx/vy/x/y/n/ny: 11, 6, 30, -7, 3, 14
vx/vy/x/y/n/ny: 12, -4, 23, -9, 2, 2
vx/vy/x/y/n/ny: 12, -3, 23, -7, 2, 2
vx/vy/x/y/n/ny: 12, -2, 23, -5, 2, 2
vx/vy/x/y/n/ny: 12, -2, 23, -9, 2, 3
vx/vy/x/y/n/ny: 12, -1, 23, -6, 2, 3
vx/vy/x/y/n/ny: 12, -1, 23, -10, 2, 4
vx/vy/x/y/n/ny: 12, 0, 23, -6, 2, 4
vx/vy/x/y/n/ny: 12, 0, 23, -10, 2, 5
vx/vy/x/y/n/ny: 12, 1, 23, -5, 2, 5
vx/vy/x/y/n/ny: 12, 1, 23, -9, 2, 6
vx/vy/x/y/n/ny: 12, 2, 23, -7, 2, 7
vx/vy/x/y/n/ny: 12, 3, 23, -9, 2, 9
vx/vy/x/y/n/ny: 13, -4, 25, -9, 2, 2
vx/vy/x/y/n/ny: 13, -3, 25, -7, 2, 2
vx/vy/x/y/n/ny: 13, -2, 25, -5, 2, 2
vx/vy/x/y/n/ny: 13, -2, 25, -9, 2, 3
vx/vy/x/y/n/ny: 13, -1, 25, -6, 2, 3
vx/vy/x/y/n/ny: 13, -1, 25, -10, 2, 4
vx/vy/x/y/n/ny: 13, 0, 25, -6, 2, 4
vx/vy/x/y/n/ny: 13, 0, 25, -10, 2, 5
vx/vy/x/y/n/ny: 13, 1, 25, -5, 2, 5
vx/vy/x/y/n/ny: 13, 1, 25, -9, 2, 6
vx/vy/x/y/n/ny: 13, 2, 25, -7, 2, 7
vx/vy/x/y/n/ny: 13, 3, 25, -9, 2, 9
vx/vy/x/y/n/ny: 14, -4, 27, -9, 2, 2
vx/vy/x/y/n/ny: 14, -3, 27, -7, 2, 2
vx/vy/x/y/n/ny: 14, -2, 27, -5, 2, 2
vx/vy/x/y/n/ny: 14, -2, 27, -9, 2, 3
vx/vy/x/y/n/ny: 14, -1, 27, -6, 2, 3
vx/vy/x/y/n/ny: 14, -1, 27, -10, 2, 4
vx/vy/x/y/n/ny: 14, 0, 27, -6, 2, 4
vx/vy/x/y/n/ny: 14, 0, 27, -10, 2, 5
vx/vy/x/y/n/ny: 14, 1, 27, -5, 2, 5
vx/vy/x/y/n/ny: 14, 1, 27, -9, 2, 6
vx/vy/x/y/n/ny: 14, 2, 27, -7, 2, 7
vx/vy/x/y/n/ny: 14, 3, 27, -9, 2, 9
vx/vy/x/y/n/ny: 15, -4, 29, -9, 2, 2
vx/vy/x/y/n/ny: 15, -3, 29, -7, 2, 2
vx/vy/x/y/n/ny: 15, -2, 29, -5, 2, 2
vx/vy/x/y/n/ny: 15, -2, 29, -9, 2, 3
vx/vy/x/y/n/ny: 15, -1, 29, -6, 2, 3
vx/vy/x/y/n/ny: 15, -1, 29, -10, 2, 4
vx/vy/x/y/n/ny: 15, 0, 29, -6, 2, 4
vx/vy/x/y/n/ny: 15, 0, 29, -10, 2, 5
vx/vy/x/y/n/ny: 15, 1, 29, -5, 2, 5
vx/vy/x/y/n/ny: 15, 1, 29, -9, 2, 6
vx/vy/x/y/n/ny: 15, 2, 29, -7, 2, 7
vx/vy/x/y/n/ny: 15, 3, 29, -9, 2, 9
vx/vy/x/y/n/ny: 20, -10, 20, -10, 1, 1
vx/vy/x/y/n/ny: 20, -9, 20, -9, 1, 1
vx/vy/x/y/n/ny: 20, -8, 20, -8, 1, 1
vx/vy/x/y/n/ny: 20, -7, 20, -7, 1, 1
vx/vy/x/y/n/ny: 20, -6, 20, -6, 1, 1
vx/vy/x/y/n/ny: 20, -5, 20, -5, 1, 1
vx/vy/x/y/n/ny: 20, -4, 20, -9, 1, 2
vx/vy/x/y/n/ny: 20, -3, 20, -7, 1, 2
vx/vy/x/y/n/ny: 20, -2, 20, -5, 1, 2
vx/vy/x/y/n/ny: 20, -2, 20, -9, 1, 3
vx/vy/x/y/n/ny: 20, -1, 20, -6, 1, 3
vx/vy/x/y/n/ny: 20, -1, 20, -10, 1, 4
vx/vy/x/y/n/ny: 20, 0, 20, -6, 1, 4
vx/vy/x/y/n/ny: 21, -10, 21, -10, 1, 1
vx/vy/x/y/n/ny: 21, -9, 21, -9, 1, 1
vx/vy/x/y/n/ny: 21, -8, 21, -8, 1, 1
vx/vy/x/y/n/ny: 21, -7, 21, -7, 1, 1
vx/vy/x/y/n/ny: 21, -6, 21, -6, 1, 1
vx/vy/x/y/n/ny: 21, -5, 21, -5, 1, 1
vx/vy/x/y/n/ny: 21, -4, 21, -9, 1, 2
vx/vy/x/y/n/ny: 21, -3, 21, -7, 1, 2
vx/vy/x/y/n/ny: 21, -2, 21, -5, 1, 2
vx/vy/x/y/n/ny: 21, -2, 21, -9, 1, 3
vx/vy/x/y/n/ny: 21, -1, 21, -6, 1, 3
vx/vy/x/y/n/ny: 21, -1, 21, -10, 1, 4
vx/vy/x/y/n/ny: 21, 0, 21, -6, 1, 4
vx/vy/x/y/n/ny: 22, -10, 22, -10, 1, 1
vx/vy/x/y/n/ny: 22, -9, 22, -9, 1, 1
vx/vy/x/y/n/ny: 22, -8, 22, -8, 1, 1
vx/vy/x/y/n/ny: 22, -7, 22, -7, 1, 1
vx/vy/x/y/n/ny: 22, -6, 22, -6, 1, 1
vx/vy/x/y/n/ny: 22, -5, 22, -5, 1, 1
vx/vy/x/y/n/ny: 22, -4, 22, -9, 1, 2
vx/vy/x/y/n/ny: 22, -3, 22, -7, 1, 2
vx/vy/x/y/n/ny: 22, -2, 22, -5, 1, 2
vx/vy/x/y/n/ny: 22, -2, 22, -9, 1, 3
vx/vy/x/y/n/ny: 22, -1, 22, -6, 1, 3
vx/vy/x/y/n/ny: 22, -1, 22, -10, 1, 4
vx/vy/x/y/n/ny: 22, 0, 22, -6, 1, 4
vx/vy/x/y/n/ny: 23, -10, 23, -10, 1, 1
vx/vy/x/y/n/ny: 23, -9, 23, -9, 1, 1
vx/vy/x/y/n/ny: 23, -8, 23, -8, 1, 1
vx/vy/x/y/n/ny: 23, -7, 23, -7, 1, 1
vx/vy/x/y/n/ny: 23, -6, 23, -6, 1, 1
vx/vy/x/y/n/ny: 23, -5, 23, -5, 1, 1
vx/vy/x/y/n/ny: 23, -4, 23, -9, 1, 2
vx/vy/x/y/n/ny: 23, -3, 23, -7, 1, 2
vx/vy/x/y/n/ny: 23, -2, 23, -5, 1, 2
vx/vy/x/y/n/ny: 23, -2, 23, -9, 1, 3
vx/vy/x/y/n/ny: 23, -1, 23, -6, 1, 3
vx/vy/x/y/n/ny: 23, -1, 23, -10, 1, 4
vx/vy/x/y/n/ny: 23, 0, 23, -6, 1, 4
vx/vy/x/y/n/ny: 24, -10, 24, -10, 1, 1
vx/vy/x/y/n/ny: 24, -9, 24, -9, 1, 1
vx/vy/x/y/n/ny: 24, -8, 24, -8, 1, 1
vx/vy/x/y/n/ny: 24, -7, 24, -7, 1, 1
vx/vy/x/y/n/ny: 24, -6, 24, -6, 1, 1
vx/vy/x/y/n/ny: 24, -5, 24, -5, 1, 1
vx/vy/x/y/n/ny: 24, -4, 24, -9, 1, 2
vx/vy/x/y/n/ny: 24, -3, 24, -7, 1, 2
vx/vy/x/y/n/ny: 24, -2, 24, -5, 1, 2
vx/vy/x/y/n/ny: 24, -2, 24, -9, 1, 3
vx/vy/x/y/n/ny: 24, -1, 24, -6, 1, 3
vx/vy/x/y/n/ny: 24, -1, 24, -10, 1, 4
vx/vy/x/y/n/ny: 24, 0, 24, -6, 1, 4
vx/vy/x/y/n/ny: 25, -10, 25, -10, 1, 1
vx/vy/x/y/n/ny: 25, -9, 25, -9, 1, 1
vx/vy/x/y/n/ny: 25, -8, 25, -8, 1, 1
vx/vy/x/y/n/ny: 25, -7, 25, -7, 1, 1
vx/vy/x/y/n/ny: 25, -6, 25, -6, 1, 1
vx/vy/x/y/n/ny: 25, -5, 25, -5, 1, 1
vx/vy/x/y/n/ny: 25, -4, 25, -9, 1, 2
vx/vy/x/y/n/ny: 25, -3, 25, -7, 1, 2
vx/vy/x/y/n/ny: 25, -2, 25, -5, 1, 2
vx/vy/x/y/n/ny: 25, -2, 25, -9, 1, 3
vx/vy/x/y/n/ny: 25, -1, 25, -6, 1, 3
vx/vy/x/y/n/ny: 25, -1, 25, -10, 1, 4
vx/vy/x/y/n/ny: 25, 0, 25, -6, 1, 4
vx/vy/x/y/n/ny: 26, -10, 26, -10, 1, 1
vx/vy/x/y/n/ny: 26, -9, 26, -9, 1, 1
vx/vy/x/y/n/ny: 26, -8, 26, -8, 1, 1
vx/vy/x/y/n/ny: 26, -7, 26, -7, 1, 1
vx/vy/x/y/n/ny: 26, -6, 26, -6, 1, 1
vx/vy/x/y/n/ny: 26, -5, 26, -5, 1, 1
vx/vy/x/y/n/ny: 26, -4, 26, -9, 1, 2
vx/vy/x/y/n/ny: 26, -3, 26, -7, 1, 2
vx/vy/x/y/n/ny: 26, -2, 26, -5, 1, 2
vx/vy/x/y/n/ny: 26, -2, 26, -9, 1, 3
vx/vy/x/y/n/ny: 26, -1, 26, -6, 1, 3
vx/vy/x/y/n/ny: 26, -1, 26, -10, 1, 4
vx/vy/x/y/n/ny: 26, 0, 26, -6, 1, 4
vx/vy/x/y/n/ny: 27, -10, 27, -10, 1, 1
vx/vy/x/y/n/ny: 27, -9, 27, -9, 1, 1
vx/vy/x/y/n/ny: 27, -8, 27, -8, 1, 1
vx/vy/x/y/n/ny: 27, -7, 27, -7, 1, 1
vx/vy/x/y/n/ny: 27, -6, 27, -6, 1, 1
vx/vy/x/y/n/ny: 27, -5, 27, -5, 1, 1
vx/vy/x/y/n/ny: 27, -4, 27, -9, 1, 2
vx/vy/x/y/n/ny: 27, -3, 27, -7, 1, 2
vx/vy/x/y/n/ny: 27, -2, 27, -5, 1, 2
vx/vy/x/y/n/ny: 27, -2, 27, -9, 1, 3
vx/vy/x/y/n/ny: 27, -1, 27, -6, 1, 3
vx/vy/x/y/n/ny: 27, -1, 27, -10, 1, 4
vx/vy/x/y/n/ny: 27, 0, 27, -6, 1, 4
vx/vy/x/y/n/ny: 28, -10, 28, -10, 1, 1
vx/vy/x/y/n/ny: 28, -9, 28, -9, 1, 1
vx/vy/x/y/n/ny: 28, -8, 28, -8, 1, 1
vx/vy/x/y/n/ny: 28, -7, 28, -7, 1, 1
vx/vy/x/y/n/ny: 28, -6, 28, -6, 1, 1
vx/vy/x/y/n/ny: 28, -5, 28, -5, 1, 1
vx/vy/x/y/n/ny: 28, -4, 28, -9, 1, 2
vx/vy/x/y/n/ny: 28, -3, 28, -7, 1, 2
vx/vy/x/y/n/ny: 28, -2, 28, -5, 1, 2
vx/vy/x/y/n/ny: 28, -2, 28, -9, 1, 3
vx/vy/x/y/n/ny: 28, -1, 28, -6, 1, 3
vx/vy/x/y/n/ny: 28, -1, 28, -10, 1, 4
vx/vy/x/y/n/ny: 28, 0, 28, -6, 1, 4
vx/vy/x/y/n/ny: 29, -10, 29, -10, 1, 1
vx/vy/x/y/n/ny: 29, -9, 29, -9, 1, 1
vx/vy/x/y/n/ny: 29, -8, 29, -8, 1, 1
vx/vy/x/y/n/ny: 29, -7, 29, -7, 1, 1
vx/vy/x/y/n/ny: 29, -6, 29, -6, 1, 1
vx/vy/x/y/n/ny: 29, -5, 29, -5, 1, 1
vx/vy/x/y/n/ny: 29, -4, 29, -9, 1, 2
vx/vy/x/y/n/ny: 29, -3, 29, -7, 1, 2
vx/vy/x/y/n/ny: 29, -2, 29, -5, 1, 2
vx/vy/x/y/n/ny: 29, -2, 29, -9, 1, 3
vx/vy/x/y/n/ny: 29, -1, 29, -6, 1, 3
vx/vy/x/y/n/ny: 29, -1, 29, -10, 1, 4
vx/vy/x/y/n/ny: 29, 0, 29, -6, 1, 4
vx/vy/x/y/n/ny: 30, -10, 30, -10, 1, 1
vx/vy/x/y/n/ny: 30, -9, 30, -9, 1, 1
vx/vy/x/y/n/ny: 30, -8, 30, -8, 1, 1
vx/vy/x/y/n/ny: 30, -7, 30, -7, 1, 1
vx/vy/x/y/n/ny: 30, -6, 30, -6, 1, 1
vx/vy/x/y/n/ny: 30, -5, 30, -5, 1, 1
vx/vy/x/y/n/ny: 30, -4, 30, -9, 1, 2
vx/vy/x/y/n/ny: 30, -3, 30, -7, 1, 2
vx/vy/x/y/n/ny: 30, -2, 30, -5, 1, 2
vx/vy/x/y/n/ny: 30, -2, 30, -9, 1, 3
vx/vy/x/y/n/ny: 30, -1, 30, -6, 1, 3
vx/vy/x/y/n/ny: 30, -1, 30, -10, 1, 4
vx/vy/x/y/n/ny: 30, 0, 30, -6, 1, 4
6, 0
6, 1
6, 2
6, 3
6, 4
6, 5
6, 6
6, 7
6, 8
6, 9
7, -1
7, 0
7, 1
7, 2
7, 3
7, 4
7, 5
7, 6
7, 7
7, 8
7, 9
8, -2
8, -1
8, 0
8, 1
8, 2
8, 3
8, 4
8, 5
8, 6
8, 7
8, 8
8, 9
9, -2
9, -1
9, 0
9, 1
9, 2
9, 3
9, 4
9, 5
9, 6
9, 7
9, 8
10, -2
10, -1
10, 0
10, 1
10, 2
10, 3
10, 4
10, 5
10, 6
11, -4
11, -3
11, -2
11, -1
11, 0
11, 1
11, 2
11, 3
11, 4
11, 5
11, 6
12, -4
12, -3
12, -2
12, -1
12, 0
12, 1
12, 2
12, 3
13, -4
13, -3
13, -2
13, -1
13, 0
13, 1
13, 2
13, 3
14, -4
14, -3
14, -2
14, -1
14, 0
14, 1
14, 2
14, 3
15, -4
15, -3
15, -2
15, -1
15, 0
15, 1
15, 2
15, 3
20, -10
20, -9
20, -8
20, -7
20, -6
20, -5
20, -4
20, -3
20, -2
20, -1
20, 0
21, -10
21, -9
21, -8
21, -7
21, -6
21, -5
21, -4
21, -3
21, -2
21, -1
21, 0
22, -10
22, -9
22, -8
22, -7
22, -6
22, -5
22, -4
22, -3
22, -2
22, -1
22, 0
23, -10
23, -9
23, -8
23, -7
23, -6
23, -5
23, -4
23, -3
23, -2
23, -1
23, 0
24, -10
24, -9
24, -8
24, -7
24, -6
24, -5
24, -4
24, -3
24, -2
24, -1
24, 0
25, -10
25, -9
25, -8
25, -7
25, -6
25, -5
25, -4
25, -3
25, -2
25, -1
25, 0
26, -10
26, -9
26, -8
26, -7
26, -6
26, -5
26, -4
26, -3
26, -2
26, -1
26, 0
27, -10
27, -9
27, -8
27, -7
27, -6
27, -5
27, -4
27, -3
27, -2
27, -1
27, 0
28, -10
28, -9
28, -8
28, -7
28, -6
28, -5
28, -4
28, -3
28, -2
28, -1
28, 0
29, -10
29, -9
29, -8
29, -7
29, -6
29, -5
29, -4
29, -3
29, -2
29, -1
29, 0
30, -10
30, -9
30, -8
30, -7
30, -6
30, -5
30, -4
30, -3
30, -2
30, -1
30, 0
F

=================================== FAILURES ===================================
___________________________ Test_AOC2021_17.test_2_1 ___________________________

self = <tests.test_aoc2021_17.Test_AOC2021_17 object at 0x7ffb3a52bf70>

    def test_2_1(self):
        puzzle_input = load_input('testinput/17_1_1.txt')
>       assert part2(puzzle_input) == 112
E       assert 217 == 112
E        +  where 217 = part2([20, 30, -10, -5])

tests/test_aoc2021_17.py:22: AssertionError
=========================== short test summary info ============================
FAILED tests/test_aoc2021_17.py::Test_AOC2021_17::test_2_1 - assert 217 == 112
================== 1 failed, 1 passed, 55 deselected in 0.13s ==================
