0000: [0, 0, 1, 1, 0, 0, 0, 0, 0, 1]
0001: [1, 0, 1, 1, 0, 0, 0, 0, 0, 1]
0002: [0, 1, 1, 1, 0, 0, 0, 0, 0, 1]
0003: [1, 1, 1, 1, 0, 0, 0, 0, 0, 1]
0004: [0, 0, 0, 0, 1, 0, 0, 0, 0, 1]
0005: [1, 0, 0, 0, 1, 0, 0, 0, 0, 1]
0006: [0, 1, 0, 0, 1, 0, 0, 0, 0, 1]
0007: [1, 1, 0, 0, 1, 0, 0, 0, 0, 1]
0008: [0, 0, 1, 0, 1, 0, 0, 0, 0, 1]
0009: [1, 0, 1, 0, 1, 0, 0, 0, 0, 1]
0010: [0, 1, 1, 0, 1, 0, 0, 0, 0, 1]
0011: [1, 1, 1, 0, 1, 0, 0, 0, 0, 1]
0012: [0, 0, 0, 1, 1, 0, 0, 0, 0, 1]
0013: [1, 0, 0, 1, 1, 0, 0, 0, 0, 1]
0014: [0, 1, 0, 1, 1, 0, 0, 0, 0, 1]
0015: [1, 1, 0, 1, 1, 0, 0, 0, 0, 1]
0016: [0, 0, 1, 1, 1, 0, 0, 0, 0, 1]
0017: [1, 0, 1, 1, 1, 0, 0, 0, 0, 1]
0018: [0, 1, 1, 1, 1, 0, 0, 0, 0, 1]
0019: [1, 1, 1, 1, 1, 0, 0, 0, 0, 1]
0020: [0, 0, 0, 0, 0, 1, 0, 0, 0, 1]
0021: [1, 0, 0, 0, 0, 1, 0, 0, 0, 1]
0022: [0, 1, 0, 0, 0, 1, 0, 0, 0, 1]
0023: [1, 1, 0, 0, 0, 1, 0, 0, 0, 1]
0024: [0, 0, 1, 0, 0, 1, 0, 0, 0, 1]
0025: [1, 0, 1, 0, 0, 1, 0, 0, 0, 1]
0026: [0, 1, 1, 0, 0, 1, 0, 0, 0, 1]
0027: [1, 1, 1, 0, 0, 1, 0, 0, 0, 1]
0028: [0, 0, 0, 1, 0, 1, 0, 0, 0, 1]
0029: [1, 0, 0, 1, 0, 1, 0, 0, 0, 1]
0030: [0, 1, 0, 1, 0, 1, 0, 0, 0, 1]
0031: [1, 1, 0, 1, 0, 1, 0, 0, 0, 1]
0032: [0, 0, 1, 1, 0, 1, 0, 0, 0, 1]
0033: [1, 0, 1, 1, 0, 1, 0, 0, 0, 1]
0034: [0, 1, 1, 1, 0, 1, 0, 0, 0, 1]
0035: [1, 1, 1, 1, 0, 1, 0, 0, 0, 1]
0036: [0, 0, 0, 0, 1, 1, 0, 0, 0, 1]
0037: [1, 0, 0, 0, 1, 1, 0, 0, 0, 1]
0038: [0, 1, 0, 0, 1, 1, 0, 0, 0, 1]
0039: [1, 1, 0, 0, 1, 1, 0, 0, 0, 1]
0040: [0, 0, 1, 0, 1, 1, 0, 0, 0, 1]
0041: [1, 0, 1, 0, 1, 1, 0, 0, 0, 1]
0042: [0, 1, 1, 0, 1, 1, 0, 0, 0, 1]
0043: [1, 1, 1, 0, 1, 1, 0, 0, 0, 1]
0044: [0, 0, 0, 1, 1, 1, 0, 0, 0, 1]
0045: [1, 0, 0, 1, 1, 1, 0, 0, 0, 1]
0046: [0, 1, 0, 1, 1, 1, 0, 0, 0, 1]
0047: [1, 1, 0, 1, 1, 1, 0, 0, 0, 1]
0048: [0, 0, 1, 1, 1, 1, 0, 0, 0, 1]
0049: [1, 0, 1, 1, 1, 1, 0, 0, 0, 1]
0050: [0, 1, 1, 1, 1, 1, 0, 0, 0, 1]
0051: [1, 1, 1, 1, 1, 1, 0, 0, 0, 1]
0052: [0, 0, 0, 0, 0, 0, 1, 0, 0, 1]
0053: [1, 0, 0, 0, 0, 0, 1, 0, 0, 1]
0054: [0, 1, 0, 0, 0, 0, 1, 0, 0, 1]
0055: [1, 1, 0, 0, 0, 0, 1, 0, 0, 1]
0056: [0, 0, 1, 0, 0, 0, 1, 0, 0, 1]
0057: [1, 0, 1, 0, 0, 0, 1, 0, 0, 1]
0058: [0, 1, 1, 0, 0, 0, 1, 0, 0, 1]
0059: [1, 1, 1, 0, 0, 0, 1, 0, 0, 1]
0060: [0, 0, 0, 1, 0, 0, 1, 0, 0, 1]
0061: [1, 0, 0, 1, 0, 0, 1, 0, 0, 1]
0062: [0, 1, 0, 1, 0, 0, 1, 0, 0, 1]
0063: [1, 1, 0, 1, 0, 0, 1, 0, 0, 1]
0064: [0, 0, 1, 1, 0, 0, 1, 0, 0, 1]
0065: [1, 0, 1, 1, 0, 0, 1, 0, 0, 1]
0066: [0, 1, 1, 1, 0, 0, 1, 0, 0, 1]
0067: [1, 1, 1, 1, 0, 0, 1, 0, 0, 1]
0068: [0, 0, 0, 0, 1, 0, 1, 0, 0, 1]
0069: [1, 0, 0, 0, 1, 0, 1, 0, 0, 1]
0070: [0, 1, 0, 0, 1, 0, 1, 0, 0, 1]
0071: [1, 1, 0, 0, 1, 0, 1, 0, 0, 1]
0072: [0, 0, 1, 0, 1, 0, 1, 0, 0, 1]
0073: [1, 0, 1, 0, 1, 0, 1, 0, 0, 1]
0074: [0, 1, 1, 0, 1, 0, 1, 0, 0, 1]
0075: [1, 1, 1, 0, 1, 0, 1, 0, 0, 1]
0076: [0, 0, 0, 1, 1, 0, 1, 0, 0, 1]
0077: [1, 0, 0, 1, 1, 0, 1, 0, 0, 1]
0078: [0, 1, 0, 1, 1, 0, 1, 0, 0, 1]
0079: [1, 1, 0, 1, 1, 0, 1, 0, 0, 1]
0080: [0, 0, 1, 1, 1, 0, 1, 0, 0, 1]
0081: [1, 0, 1, 1, 1, 0, 1, 0, 0, 1]
0082: [0, 1, 1, 1, 1, 0, 1, 0, 0, 1]
0083: [1, 1, 1, 1, 1, 0, 1, 0, 0, 1]
0084: [0, 0, 0, 0, 0, 1, 1, 0, 0, 1]
0085: [1, 0, 0, 0, 0, 1, 1, 0, 0, 1]
0086: [0, 1, 0, 0, 0, 1, 1, 0, 0, 1]
0087: [1, 1, 0, 0, 0, 1, 1, 0, 0, 1]
0088: [0, 0, 1, 0, 0, 1, 1, 0, 0, 1]
0089: [1, 0, 1, 0, 0, 1, 1, 0, 0, 1]
0090: [0, 1, 1, 0, 0, 1, 1, 0, 0, 1]
0091: [1, 1, 1, 0, 0, 1, 1, 0, 0, 1]
0092: [0, 0, 0, 1, 0, 1, 1, 0, 0, 1]
0093: [1, 0, 0, 1, 0, 1, 1, 0, 0, 1]
0094: [0, 1, 0, 1, 0, 1, 1, 0, 0, 1]
0095: [1, 1, 0, 1, 0, 1, 1, 0, 0, 1]
0096: [0, 0, 1, 1, 0, 1, 1, 0, 0, 1]
0097: [1, 0, 1, 1, 0, 1, 1, 0, 0, 1]
0098: [0, 1, 1, 1, 0, 1, 1, 0, 0, 1]
0099: [1, 1, 1, 1, 0, 1, 1, 0, 0, 1]
0100: [0, 0, 0, 0, 1, 1, 1, 0, 0, 1]
0101: [1, 0, 0, 0, 1, 1, 1, 0, 0, 1]
0102: [0, 1, 0, 0, 1, 1, 1, 0, 0, 1]
0103: [1, 1, 0, 0, 1, 1, 1, 0, 0, 1]
0104: [0, 0, 1, 0, 1, 1, 1, 0, 0, 1]
0105: [1, 0, 1, 0, 1, 1, 1, 0, 0, 1]
0106: [0, 1, 1, 0, 1, 1, 1, 0, 0, 1]
0107: [1, 1, 1, 0, 1, 1, 1, 0, 0, 1]
0108: [0, 0, 0, 1, 1, 1, 1, 0, 0, 1]
0109: [1, 0, 0, 1, 1, 1, 1, 0, 0, 1]
0110: [0, 1, 0, 1, 1, 1, 1, 0, 0, 1]
0111: [1, 1, 0, 1, 1, 1, 1, 0, 0, 1]
0112: [0, 0, 1, 1, 1, 1, 1, 0, 0, 1]
0113: [1, 0, 1, 1, 1, 1, 1, 0, 0, 1]
0114: [0, 1, 1, 1, 1, 1, 1, 0, 0, 1]
0115: [1, 1, 1, 1, 1, 1, 1, 0, 0, 1]
0116: [0, 0, 0, 0, 0, 0, 0, 1, 0, 1]
0117: [1, 0, 0, 0, 0, 0, 0, 1, 0, 1]
0118: [0, 1, 0, 0, 0, 0, 0, 1, 0, 1]
0119: [1, 1, 0, 0, 0, 0, 0, 1, 0, 1]
0120: [0, 0, 1, 0, 0, 0, 0, 1, 0, 1]
0121: [1, 0, 1, 0, 0, 0, 0, 1, 0, 1]
0122: [0, 1, 1, 0, 0, 0, 0, 1, 0, 1]
0123: [1, 1, 1, 0, 0, 0, 0, 1, 0, 1]
0124: [0, 0, 0, 1, 0, 0, 0, 1, 0, 1]
0125: [1, 0, 0, 1, 0, 0, 0, 1, 0, 1]
0126: [0, 1, 0, 1, 0, 0, 0, 1, 0, 1]
0127: [1, 1, 0, 1, 0, 0, 0, 1, 0, 1]
0128: [0, 0, 1, 1, 0, 0, 0, 1, 0, 1]
0129: [1, 0, 1, 1, 0, 0, 0, 1, 0, 1]
0130: [0, 1, 1, 1, 0, 0, 0, 1, 0, 1]
0131: [1, 1, 1, 1, 0, 0, 0, 1, 0, 1]
0132: [0, 0, 0, 0, 1, 0, 0, 1, 0, 1]
0133: [1, 0, 0, 0, 1, 0, 0, 1, 0, 1]
0134: [0, 1, 0, 0, 1, 0, 0, 1, 0, 1]
0135: [1, 1, 0, 0, 1, 0, 0, 1, 0, 1]
0136: [0, 0, 1, 0, 1, 0, 0, 1, 0, 1]
0137: [1, 0, 1, 0, 1, 0, 0, 1, 0, 1]
0138: [0, 1, 1, 0, 1, 0, 0, 1, 0, 1]
0139: [1, 1, 1, 0, 1, 0, 0, 1, 0, 1]
0140: [0, 0, 0, 1, 1, 0, 0, 1, 0, 1]
0141: [1, 0, 0, 1, 1, 0, 0, 1, 0, 1]
0142: [0, 1, 0, 1, 1, 0, 0, 1, 0, 1]
0143: [1, 1, 0, 1, 1, 0, 0, 1, 0, 1]
0144: [0, 0, 1, 1, 1, 0, 0, 1, 0, 1]
0145: [1, 0, 1, 1, 1, 0, 0, 1, 0, 1]
0146: [0, 1, 1, 1, 1, 0, 0, 1, 0, 1]
0147: [1, 1, 1, 1, 1, 0, 0, 1, 0, 1]
0148: [0, 0, 0, 0, 0, 1, 0, 1, 0, 1]
0149: [1, 0, 0, 0, 0, 1, 0, 1, 0, 1]
0150: [0, 1, 0, 0, 0, 1, 0, 1, 0, 1]
0151: [1, 1, 0, 0, 0, 1, 0, 1, 0, 1]
0152: [0, 0, 1, 0, 0, 1, 0, 1, 0, 1]
0153: [1, 0, 1, 0, 0, 1, 0, 1, 0, 1]
0154: [0, 1, 1, 0, 0, 1, 0, 1, 0, 1]
0155: [1, 1, 1, 0, 0, 1, 0, 1, 0, 1]
0156: [0, 0, 0, 1, 0, 1, 0, 1, 0, 1]
0157: [1, 0, 0, 1, 0, 1, 0, 1, 0, 1]
0158: [0, 1, 0, 1, 0, 1, 0, 1, 0, 1]
0159: [1, 1, 0, 1, 0, 1, 0, 1, 0, 1]
0160: [0, 0, 1, 1, 0, 1, 0, 1, 0, 1]
0161: [1, 0, 1, 1, 0, 1, 0, 1, 0, 1]
0162: [0, 1, 1, 1, 0, 1, 0, 1, 0, 1]
0163: [1, 1, 1, 1, 0, 1, 0, 1, 0, 1]
0164: [0, 0, 0, 0, 1, 1, 0, 1, 0, 1]
0165: [1, 0, 0, 0, 1, 1, 0, 1, 0, 1]
0166: [0, 1, 0, 0, 1, 1, 0, 1, 0, 1]
0167: [1, 1, 0, 0, 1, 1, 0, 1, 0, 1]
0168: [0, 0, 1, 0, 1, 1, 0, 1, 0, 1]
0169: [1, 0, 1, 0, 1, 1, 0, 1, 0, 1]
0170: [0, 1, 1, 0, 1, 1, 0, 1, 0, 1]
0171: [1, 1, 1, 0, 1, 1, 0, 1, 0, 1]
0172: [0, 0, 0, 1, 1, 1, 0, 1, 0, 1]
0173: [1, 0, 0, 1, 1, 1, 0, 1, 0, 1]
0174: [0, 1, 0, 1, 1, 1, 0, 1, 0, 1]
0175: [1, 1, 0, 1, 1, 1, 0, 1, 0, 1]
0176: [0, 0, 1, 1, 1, 1, 0, 1, 0, 1]
0177: [1, 0, 1, 1, 1, 1, 0, 1, 0, 1]
0178: [0, 1, 1, 1, 1, 1, 0, 1, 0, 1]
0179: [1, 1, 1, 1, 1, 1, 0, 1, 0, 1]
0180: [0, 0, 0, 0, 0, 0, 1, 1, 0, 1]
0181: [1, 0, 0, 0, 0, 0, 1, 1, 0, 1]
0182: [0, 1, 0, 0, 0, 0, 1, 1, 0, 1]
0183: [1, 1, 0, 0, 0, 0, 1, 1, 0, 1]
0184: [0, 0, 1, 0, 0, 0, 1, 1, 0, 1]
0185: [1, 0, 1, 0, 0, 0, 1, 1, 0, 1]
0186: [0, 1, 1, 0, 0, 0, 1, 1, 0, 1]
0187: [1, 1, 1, 0, 0, 0, 1, 1, 0, 1]
0188: [0, 0, 0, 1, 0, 0, 1, 1, 0, 1]
0189: [1, 0, 0, 1, 0, 0, 1, 1, 0, 1]
0190: [0, 1, 0, 1, 0, 0, 1, 1, 0, 1]
0191: [1, 1, 0, 1, 0, 0, 1, 1, 0, 1]
0192: [0, 0, 1, 1, 0, 0, 1, 1, 0, 1]
0193: [1, 0, 1, 1, 0, 0, 1, 1, 0, 1]
0194: [0, 1, 1, 1, 0, 0, 1, 1, 0, 1]
0195: [1, 1, 1, 1, 0, 0, 1, 1, 0, 1]
0196: [0, 0, 0, 0, 1, 0, 1, 1, 0, 1]
0197: [1, 0, 0, 0, 1, 0, 1, 1, 0, 1]
0198: [0, 1, 0, 0, 1, 0, 1, 1, 0, 1]
0199: [1, 1, 0, 0, 1, 0, 1, 1, 0, 1]
0200: [0, 0, 1, 0, 1, 0, 1, 1, 0, 1]
0201: [1, 0, 1, 0, 1, 0, 1, 1, 0, 1]
0202: [0, 1, 1, 0, 1, 0, 1, 1, 0, 1]
0203: [1, 1, 1, 0, 1, 0, 1, 1, 0, 1]
0204: [0, 0, 0, 1, 1, 0, 1, 1, 0, 1]
0205: [1, 0, 0, 1, 1, 0, 1, 1, 0, 1]
0206: [0, 1, 0, 1, 1, 0, 1, 1, 0, 1]
0207: [1, 1, 0, 1, 1, 0, 1, 1, 0, 1]
0208: [0, 0, 1, 1, 1, 0, 1, 1, 0, 1]
0209: [1, 0, 1, 1, 1, 0, 1, 1, 0, 1]
0210: [0, 1, 1, 1, 1, 0, 1, 1, 0, 1]
0211: [1, 1, 1, 1, 1, 0, 1, 1, 0, 1]
0212: [0, 0, 0, 0, 0, 1, 1, 1, 0, 1]
0213: [1, 0, 0, 0, 0, 1, 1, 1, 0, 1]
0214: [0, 1, 0, 0, 0, 1, 1, 1, 0, 1]
0215: [1, 1, 0, 0, 0, 1, 1, 1, 0, 1]
0216: [0, 0, 1, 0, 0, 1, 1, 1, 0, 1]
0217: [1, 0, 1, 0, 0, 1, 1, 1, 0, 1]
0218: [0, 1, 1, 0, 0, 1, 1, 1, 0, 1]
0219: [1, 1, 1, 0, 0, 1, 1, 1, 0, 1]
0220: [0, 0, 0, 1, 0, 1, 1, 1, 0, 1]
0221: [1, 0, 0, 1, 0, 1, 1, 1, 0, 1]
0222: [0, 1, 0, 1, 0, 1, 1, 1, 0, 1]
0223: [1, 1, 0, 1, 0, 1, 1, 1, 0, 1]
0224: [0, 0, 1, 1, 0, 1, 1, 1, 0, 1]
0225: [1, 0, 1, 1, 0, 1, 1, 1, 0, 1]
0226: [0, 1, 1, 1, 0, 1, 1, 1, 0, 1]
0227: [1, 1, 1, 1, 0, 1, 1, 1, 0, 1]
0228: [0, 0, 0, 0, 1, 1, 1, 1, 0, 1]
0229: [1, 0, 0, 0, 1, 1, 1, 1, 0, 1]
0230: [0, 1, 0, 0, 1, 1, 1, 1, 0, 1]
0231: [1, 1, 0, 0, 1, 1, 1, 1, 0, 1]
0232: [0, 0, 1, 0, 1, 1, 1, 1, 0, 1]
0233: [1, 0, 1, 0, 1, 1, 1, 1, 0, 1]
0234: [0, 1, 1, 0, 1, 1, 1, 1, 0, 1]
0235: [1, 1, 1, 0, 1, 1, 1, 1, 0, 1]
0236: [0, 0, 0, 1, 1, 1, 1, 1, 0, 1]
0237: [1, 0, 0, 1, 1, 1, 1, 1, 0, 1]
0238: [0, 1, 0, 1, 1, 1, 1, 1, 0, 1]
0239: [1, 1, 0, 1, 1, 1, 1, 1, 0, 1]
0240: [0, 0, 1, 1, 1, 1, 1, 1, 0, 1]
0241: [1, 0, 1, 1, 1, 1, 1, 1, 0, 1]
0242: [0, 1, 1, 1, 1, 1, 1, 1, 0, 1]
0243: [1, 1, 1, 1, 1, 1, 1, 1, 0, 1]
0244: [0, 0, 0, 0, 0, 0, 0, 0, 1, 1]
0245: [1, 0, 0, 0, 0, 0, 0, 0, 1, 1]
0246: [0, 1, 0, 0, 0, 0, 0, 0, 1, 1]
0247: [1, 1, 0, 0, 0, 0, 0, 0, 1, 1]
0248: [0, 0, 1, 0, 0, 0, 0, 0, 1, 1]
0249: [1, 0, 1, 0, 0, 0, 0, 0, 1, 1]
0250: [0, 1, 1, 0, 0, 0, 0, 0, 1, 1]
0251: [1, 1, 1, 0, 0, 0, 0, 0, 1, 1]
0252: [0, 0, 0, 1, 0, 0, 0, 0, 1, 1]
0253: [1, 0, 0, 1, 0, 0, 0, 0, 1, 1]
0254: [0, 1, 0, 1, 0, 0, 0, 0, 1, 1]
0255: [1, 1, 0, 1, 0, 0, 0, 0, 1, 1]
0256: [0, 0, 1, 1, 0, 0, 0, 0, 1, 1]
0257: [1, 0, 1, 1, 0, 0, 0, 0, 1, 1]
0258: [0, 1, 1, 1, 0, 0, 0, 0, 1, 1]
0259: [1, 1, 1, 1, 0, 0, 0, 0, 1, 1]
0260: [0, 0, 0, 0, 1, 0, 0, 0, 1, 1]
0261: [1, 0, 0, 0, 1, 0, 0, 0, 1, 1]
0262: [0, 1, 0, 0, 1, 0, 0, 0, 1, 1]
0263: [1, 1, 0, 0, 1, 0, 0, 0, 1, 1]
0264: [0, 0, 1, 0, 1, 0, 0, 0, 1, 1]
0265: [1, 0, 1, 0, 1, 0, 0, 0, 1, 1]
0266: [0, 1, 1, 0, 1, 0, 0, 0, 1, 1]
0267: [1, 1, 1, 0, 1, 0, 0, 0, 1, 1]
0268: [0, 0, 0, 1, 1, 0, 0, 0, 1, 1]
0269: [1, 0, 0, 1, 1, 0, 0, 0, 1, 1]
0270: [0, 1, 0, 1, 1, 0, 0, 0, 1, 1]
0271: [1, 1, 0, 1, 1, 0, 0, 0, 1, 1]
0272: [0, 0, 1, 1, 1, 0, 0, 0, 1, 1]
0273: [1, 0, 1, 1, 1, 0, 0, 0, 1, 1]
0274: [0, 1, 1, 1, 1, 0, 0, 0, 1, 1]
0275: [1, 1, 1, 1, 1, 0, 0, 0, 1, 1]
0276: [0, 0, 0, 0, 0, 1, 0, 0, 1, 1]
0277: [1, 0, 0, 0, 0, 1, 0, 0, 1, 1]
0278: [0, 1, 0, 0, 0, 1, 0, 0, 1, 1]
0279: [1, 1, 0, 0, 0, 1, 0, 0, 1, 1]
0280: [0, 0, 1, 0, 0, 1, 0, 0, 1, 1]
0281: [1, 0, 1, 0, 0, 1, 0, 0, 1, 1]
0282: [0, 1, 1, 0, 0, 1, 0, 0, 1, 1]
0283: [1, 1, 1, 0, 0, 1, 0, 0, 1, 1]
0284: [0, 0, 0, 1, 0, 1, 0, 0, 1, 1]
0285: [1, 0, 0, 1, 0, 1, 0, 0, 1, 1]
0286: [0, 1, 0, 1, 0, 1, 0, 0, 1, 1]
0287: [1, 1, 0, 1, 0, 1, 0, 0, 1, 1]
0288: [0, 0, 1, 1, 0, 1, 0, 0, 1, 1]
0289: [1, 0, 1, 1, 0, 1, 0, 0, 1, 1]
0290: [0, 1, 1, 1, 0, 1, 0, 0, 1, 1]
0291: [1, 1, 1, 1, 0, 1, 0, 0, 1, 1]
0292: [0, 0, 0, 0, 1, 1, 0, 0, 1, 1]
0293: [1, 0, 0, 0, 1, 1, 0, 0, 1, 1]
0294: [0, 1, 0, 0, 1, 1, 0, 0, 1, 1]
0295: [1, 1, 0, 0, 1, 1, 0, 0, 1, 1]
0296: [0, 0, 1, 0, 1, 1, 0, 0, 1, 1]
0297: [1, 0, 1, 0, 1, 1, 0, 0, 1, 1]
0298: [0, 1, 1, 0, 1, 1, 0, 0, 1, 1]
0299: [1, 1, 1, 0, 1, 1, 0, 0, 1, 1]
0300: [0, 0, 0, 1, 1, 1, 0, 0, 1, 1]
0301: [1, 0, 0, 1, 1, 1, 0, 0, 1, 1]
0302: [0, 1, 0, 1, 1, 1, 0, 0, 1, 1]
0303: [1, 1, 0, 1, 1, 1, 0, 0, 1, 1]
0304: [0, 0, 1, 1, 1, 1, 0, 0, 1, 1]
0305: [1, 0, 1, 1, 1, 1, 0, 0, 1, 1]
0306: [0, 1, 1, 1, 1, 1, 0, 0, 1, 1]
0307: [1, 1, 1, 1, 1, 1, 0, 0, 1, 1]
0308: [0, 0, 0, 0, 0, 0, 1, 0, 1, 1]
0309: [1, 0, 0, 0, 0, 0, 1, 0, 1, 1]
0310: [0, 1, 0, 0, 0, 0, 1, 0, 1, 1]
0311: [1, 1, 0, 0, 0, 0, 1, 0, 1, 1]
0312: [0, 0, 1, 0, 0, 0, 1, 0, 1, 1]
0313: [1, 0, 1, 0, 0, 0, 1, 0, 1, 1]
0314: [0, 1, 1, 0, 0, 0, 1, 0, 1, 1]
0315: [1, 1, 1, 0, 0, 0, 1, 0, 1, 1]
0316: [0, 0, 0, 1, 0, 0, 1, 0, 1, 1]
0317: [1, 0, 0, 1, 0, 0, 1, 0, 1, 1]
0318: [0, 1, 0, 1, 0, 0, 1, 0, 1, 1]
0319: [1, 1, 0, 1, 0, 0, 1, 0, 1, 1]
0320: [0, 0, 1, 1, 0, 0, 1, 0, 1, 1]
0321: [1, 0, 1, 1, 0, 0, 1, 0, 1, 1]
0322: [0, 1, 1, 1, 0, 0, 1, 0, 1, 1]
0323: [1, 1, 1, 1, 0, 0, 1, 0, 1, 1]
0324: [0, 0, 0, 0, 1, 0, 1, 0, 1, 1]
0325: [1, 0, 0, 0, 1, 0, 1, 0, 1, 1]
0326: [0, 1, 0, 0, 1, 0, 1, 0, 1, 1]
0327: [1, 1, 0, 0, 1, 0, 1, 0, 1, 1]
0328: [0, 0, 1, 0, 1, 0, 1, 0, 1, 1]
0329: [1, 0, 1, 0, 1, 0, 1, 0, 1, 1]
0330: [0, 1, 1, 0, 1, 0, 1, 0, 1, 1]
0331: [1, 1, 1, 0, 1, 0, 1, 0, 1, 1]
0332: [0, 0, 0, 1, 1, 0, 1, 0, 1, 1]
0333: [1, 0, 0, 1, 1, 0, 1, 0, 1, 1]
0334: [0, 1, 0, 1, 1, 0, 1, 0, 1, 1]
0335: [1, 1, 0, 1, 1, 0, 1, 0, 1, 1]
0336: [0, 0, 1, 1, 1, 0, 1, 0, 1, 1]
0337: [1, 0, 1, 1, 1, 0, 1, 0, 1, 1]
0338: [0, 1, 1, 1, 1, 0, 1, 0, 1, 1]
0339: [1, 1, 1, 1, 1, 0, 1, 0, 1, 1]
0340: [0, 0, 0, 0, 0, 1, 1, 0, 1, 1]
0341: [1, 0, 0, 0, 0, 1, 1, 0, 1, 1]
0342: [0, 1, 0, 0, 0, 1, 1, 0, 1, 1]
0343: [1, 1, 0, 0, 0, 1, 1, 0, 1, 1]
0344: [0, 0, 1, 0, 0, 1, 1, 0, 1, 1]
0345: [1, 0, 1, 0, 0, 1, 1, 0, 1, 1]
0346: [0, 1, 1, 0, 0, 1, 1, 0, 1, 1]
0347: [1, 1, 1, 0, 0, 1, 1, 0, 1, 1]
0348: [0, 0, 0, 1, 0, 1, 1, 0, 1, 1]
0349: [1, 0, 0, 1, 0, 1, 1, 0, 1, 1]
0350: [0, 1, 0, 1, 0, 1, 1, 0, 1, 1]
0351: [1, 1, 0, 1, 0, 1, 1, 0, 1, 1]
0352: [0, 0, 1, 1, 0, 1, 1, 0, 1, 1]
0353: [1, 0, 1, 1, 0, 1, 1, 0, 1, 1]
0354: [0, 1, 1, 1, 0, 1, 1, 0, 1, 1]
0355: [1, 1, 1, 1, 0, 1, 1, 0, 1, 1]
0356: [0, 0, 0, 0, 1, 1, 1, 0, 1, 1]
0357: [1, 0, 0, 0, 1, 1, 1, 0, 1, 1]
0358: [0, 1, 0, 0, 1, 1, 1, 0, 1, 1]
0359: [1, 1, 0, 0, 1, 1, 1, 0, 1, 1]
0360: [0, 0, 1, 0, 1, 1, 1, 0, 1, 1]
0361: [1, 0, 1, 0, 1, 1, 1, 0, 1, 1]
0362: [0, 1, 1, 0, 1, 1, 1, 0, 1, 1]
0363: [1, 1, 1, 0, 1, 1, 1, 0, 1, 1]
0364: [0, 0, 0, 1, 1, 1, 1, 0, 1, 1]
0365: [1, 0, 0, 1, 1, 1, 1, 0, 1, 1]
0366: [0, 1, 0, 1, 1, 1, 1, 0, 1, 1]
0367: [1, 1, 0, 1, 1, 1, 1, 0, 1, 1]
0368: [0, 0, 1, 1, 1, 1, 1, 0, 1, 1]
0369: [1, 0, 1, 1, 1, 1, 1, 0, 1, 1]
0370: [0, 1, 1, 1, 1, 1, 1, 0, 1, 1]
0371: [1, 1, 1, 1, 1, 1, 1, 0, 1, 1]
0372: [0, 0, 0, 0, 0, 0, 0, 1, 1, 1]
0373: [1, 0, 0, 0, 0, 0, 0, 1, 1, 1]
0374: [0, 1, 0, 0, 0, 0, 0, 1, 1, 1]
0375: [1, 1, 0, 0, 0, 0, 0, 1, 1, 1]
0376: [0, 0, 1, 0, 0, 0, 0, 1, 1, 1]
0377: [1, 0, 1, 0, 0, 0, 0, 1, 1, 1]
0378: [0, 1, 1, 0, 0, 0, 0, 1, 1, 1]
0379: [1, 1, 1, 0, 0, 0, 0, 1, 1, 1]
0380: [0, 0, 0, 1, 0, 0, 0, 1, 1, 1]
0381: [1, 0, 0, 1, 0, 0, 0, 1, 1, 1]
0382: [0, 1, 0, 1, 0, 0, 0, 1, 1, 1]
0383: [1, 1, 0, 1, 0, 0, 0, 1, 1, 1]
0384: [0, 0, 1, 1, 0, 0, 0, 1, 1, 1]
0385: [1, 0, 1, 1, 0, 0, 0, 1, 1, 1]
0386: [0, 1, 1, 1, 0, 0, 0, 1, 1, 1]
0387: [1, 1, 1, 1, 0, 0, 0, 1, 1, 1]
0388: [0, 0, 0, 0, 1, 0, 0, 1, 1, 1]
0389: [1, 0, 0, 0, 1, 0, 0, 1, 1, 1]
0390: [0, 1, 0, 0, 1, 0, 0, 1, 1, 1]
0391: [1, 1, 0, 0, 1, 0, 0, 1, 1, 1]
0392: [0, 0, 1, 0, 1, 0, 0, 1, 1, 1]
0393: [1, 0, 1, 0, 1, 0, 0, 1, 1, 1]
0394: [0, 1, 1, 0, 1, 0, 0, 1, 1, 1]
0395: [1, 1, 1, 0, 1, 0, 0, 1, 1, 1]
0396: [0, 0, 0, 1, 1, 0, 0, 1, 1, 1]
0397: [1, 0, 0, 1, 1, 0, 0, 1, 1, 1]
0398: [0, 1, 0, 1, 1, 0, 0, 1, 1, 1]
0399: [1, 1, 0, 1, 1, 0, 0, 1, 1, 1]
0400: [0, 0, 1, 1, 1, 0, 0, 1, 1, 1]
0401: [1, 0, 1, 1, 1, 0, 0, 1, 1, 1]
0402: [0, 1, 1, 1, 1, 0, 0, 1, 1, 1]
0403: [1, 1, 1, 1, 1, 0, 0, 1, 1, 1]
0404: [0, 0, 0, 0, 0, 1, 0, 1, 1, 1]
0405: [1, 0, 0, 0, 0, 1, 0, 1, 1, 1]
0406: [0, 1, 0, 0, 0, 1, 0, 1, 1, 1]
0407: [1, 1, 0, 0, 0, 1, 0, 1, 1, 1]
0408: [0, 0, 1, 0, 0, 1, 0, 1, 1, 1]
0409: [1, 0, 1, 0, 0, 1, 0, 1, 1, 1]
0410: [0, 1, 1, 0, 0, 1, 0, 1, 1, 1]
0411: [1, 1, 1, 0, 0, 1, 0, 1, 1, 1]
0412: [0, 0, 0, 1, 0, 1, 0, 1, 1, 1]
0413: [1, 0, 0, 1, 0, 1, 0, 1, 1, 1]
0414: [0, 1, 0, 1, 0, 1, 0, 1, 1, 1]
0415: [1, 1, 0, 1, 0, 1, 0, 1, 1, 1]
0416: [0, 0, 1, 1, 0, 1, 0, 1, 1, 1]
0417: [1, 0, 1, 1, 0, 1, 0, 1, 1, 1]
0418: [0, 1, 1, 1, 0, 1, 0, 1, 1, 1]
0419: [1, 1, 1, 1, 0, 1, 0, 1, 1, 1]
0420: [0, 0, 0, 0, 1, 1, 0, 1, 1, 1]
0421: [1, 0, 0, 0, 1, 1, 0, 1, 1, 1]
0422: [0, 1, 0, 0, 1, 1, 0, 1, 1, 1]
0423: [1, 1, 0, 0, 1, 1, 0, 1, 1, 1]
0424: [0, 0, 1, 0, 1, 1, 0, 1, 1, 1]
0425: [1, 0, 1, 0, 1, 1, 0, 1, 1, 1]
0426: [0, 1, 1, 0, 1, 1, 0, 1, 1, 1]
0427: [1, 1, 1, 0, 1, 1, 0, 1, 1, 1]
0428: [0, 0, 0, 1, 1, 1, 0, 1, 1, 1]
0429: [1, 0, 0, 1, 1, 1, 0, 1, 1, 1]
0430: [0, 1, 0, 1, 1, 1, 0, 1, 1, 1]
0431: [1, 1, 0, 1, 1, 1, 0, 1, 1, 1]
0432: [0, 0, 1, 1, 1, 1, 0, 1, 1, 1]
0433: [1, 0, 1, 1, 1, 1, 0, 1, 1, 1]
0434: [0, 1, 1, 1, 1, 1, 0, 1, 1, 1]
0435: [1, 1, 1, 1, 1, 1, 0, 1, 1, 1]
0436: [0, 0, 0, 0, 0, 0, 1, 1, 1, 1]
0437: [1, 0, 0, 0, 0, 0, 1, 1, 1, 1]
0438: [0, 1, 0, 0, 0, 0, 1, 1, 1, 1]
0439: [1, 1, 0, 0, 0, 0, 1, 1, 1, 1]
0440: [0, 0, 1, 0, 0, 0, 1, 1, 1, 1]
0441: [1, 0, 1, 0, 0, 0, 1, 1, 1, 1]
0442: [0, 1, 1, 0, 0, 0, 1, 1, 1, 1]
0443: [1, 1, 1, 0, 0, 0, 1, 1, 1, 1]
0444: [0, 0, 0, 1, 0, 0, 1, 1, 1, 1]
0445: [1, 0, 0, 1, 0, 0, 1, 1, 1, 1]
0446: [0, 1, 0, 1, 0, 0, 1, 1, 1, 1]
0447: [1, 1, 0, 1, 0, 0, 1, 1, 1, 1]
0448: [0, 0, 1, 1, 0, 0, 1, 1, 1, 1]
0449: [1, 0, 1, 1, 0, 0, 1, 1, 1, 1]
0450: [0, 1, 1, 1, 0, 0, 1, 1, 1, 1]
0451: [1, 1, 1, 1, 0, 0, 1, 1, 1, 1]
0452: [0, 0, 0, 0, 1, 0, 1, 1, 1, 1]
0453: [1, 0, 0, 0, 1, 0, 1, 1, 1, 1]
0454: [0, 1, 0, 0, 1, 0, 1, 1, 1, 1]
0455: [1, 1, 0, 0, 1, 0, 1, 1, 1, 1]
0456: [0, 0, 1, 0, 1, 0, 1, 1, 1, 1]
0457: [1, 0, 1, 0, 1, 0, 1, 1, 1, 1]
0458: [0, 1, 1, 0, 1, 0, 1, 1, 1, 1]
0459: [1, 1, 1, 0, 1, 0, 1, 1, 1, 1]
0460: [0, 0, 0, 1, 1, 0, 1, 1, 1, 1]
0461: [1, 0, 0, 1, 1, 0, 1, 1, 1, 1]
0462: [0, 1, 0, 1, 1, 0, 1, 1, 1, 1]
0463: [1, 1, 0, 1, 1, 0, 1, 1, 1, 1]
0464: [0, 0, 1, 1, 1, 0, 1, 1, 1, 1]
0465: [1, 0, 1, 1, 1, 0, 1, 1, 1, 1]
0466: [0, 1, 1, 1, 1, 0, 1, 1, 1, 1]
0467: [1, 1, 1, 1, 1, 0, 1, 1, 1, 1]
0468: [0, 0, 0, 0, 0, 1, 1, 1, 1, 1]
0469: [1, 0, 0, 0, 0, 1, 1, 1, 1, 1]
0470: [0, 1, 0, 0, 0, 1, 1, 1, 1, 1]
0471: [1, 1, 0, 0, 0, 1, 1, 1, 1, 1]
0472: [0, 0, 1, 0, 0, 1, 1, 1, 1, 1]
0473: [1, 0, 1, 0, 0, 1, 1, 1, 1, 1]
0474: [0, 1, 1, 0, 0, 1, 1, 1, 1, 1]
0475: [1, 1, 1, 0, 0, 1, 1, 1, 1, 1]
0476: [0, 0, 0, 1, 0, 1, 1, 1, 1, 1]
0477: [1, 0, 0, 1, 0, 1, 1, 1, 1, 1]
0478: [0, 1, 0, 1, 0, 1, 1, 1, 1, 1]
0479: [1, 1, 0, 1, 0, 1, 1, 1, 1, 1]
0480: [0, 0, 1, 1, 0, 1, 1, 1, 1, 1]
0481: [1, 0, 1, 1, 0, 1, 1, 1, 1, 1]
0482: [0, 1, 1, 1, 0, 1, 1, 1, 1, 1]
0483: [1, 1, 1, 1, 0, 1, 1, 1, 1, 1]
0484: [0, 0, 0, 0, 1, 1, 1, 1, 1, 1]
0485: [1, 0, 0, 0, 1, 1, 1, 1, 1, 1]
0486: [0, 1, 0, 0, 1, 1, 1, 1, 1, 1]
0487: [1, 1, 0, 0, 1, 1, 1, 1, 1, 1]
0488: [0, 0, 1, 0, 1, 1, 1, 1, 1, 1]
0489: [1, 0, 1, 0, 1, 1, 1, 1, 1, 1]
0490: [0, 1, 1, 0, 1, 1, 1, 1, 1, 1]
0491: [1, 1, 1, 0, 1, 1, 1, 1, 1, 1]
0492: [0, 0, 0, 1, 1, 1, 1, 1, 1, 1]
0493: [1, 0, 0, 1, 1, 1, 1, 1, 1, 1]
0494: [0, 1, 0, 1, 1, 1, 1, 1, 1, 1]
0495: [1, 1, 0, 1, 1, 1, 1, 1, 1, 1]
0496: [0, 0, 1, 1, 1, 1, 1, 1, 1, 1]
0497: [1, 0, 1, 1, 1, 1, 1, 1, 1, 1]
0498: [0, 1, 1, 1, 1, 1, 1, 1, 1, 1]
0499: [1, 1, 1, 1, 1, 1, 1, 1, 1, 1]
0500: [0, 0, 0, 0, 0, 0, 0, 0, 0, 0]
0501: [1, 0, 0, 0, 0, 0, 0, 0, 0, 0]
0502: [0, 1, 0, 0, 0, 0, 0, 0, 0, 0]
0503: [1, 1, 0, 0, 0, 0, 0, 0, 0, 0]
0504: [0, 0, 1, 0, 0, 0, 0, 0, 0, 0]
0505: [1, 0, 1, 0, 0, 0, 0, 0, 0, 0]
0506: [0, 1, 1, 0, 0, 0, 0, 0, 0, 0]
0507: [1, 1, 1, 0, 0, 0, 0, 0, 0, 0]
0508: [0, 0, 0, 1, 0, 0, 0, 0, 0, 0]
0509: [1, 0, 0, 1, 0, 0, 0, 0, 0, 0]
0510: [0, 1, 0, 1, 0, 0, 0, 0, 0, 0]
0511: [1, 1, 0, 1, 0, 0, 0, 0, 0, 0]
0512: [0, 0, 1, 1, 0, 0, 0, 0, 0, 0]
0513: [1, 0, 1, 1, 0, 0, 0, 0, 0, 0]
0514: [0, 1, 1, 1, 0, 0, 0, 0, 0, 0]
0515: [1, 1, 1, 1, 0, 0, 0, 0, 0, 0]
0516: [0, 0, 0, 0, 1, 0, 0, 0, 0, 0]
0517: [1, 0, 0, 0, 1, 0, 0, 0, 0, 0]
0518: [0, 1, 0, 0, 1, 0, 0, 0, 0, 0]
0519: [1, 1, 0, 0, 1, 0, 0, 0, 0, 0]
0520: [0, 0, 1, 0, 1, 0, 0, 0, 0, 0]
0521: [1, 0, 1, 0, 1, 0, 0, 0, 0, 0]
0522: [0, 1, 1, 0, 1, 0, 0, 0, 0, 0]
0523: [1, 1, 1, 0, 1, 0, 0, 0, 0, 0]
0524: [0, 0, 0, 1, 1, 0, 0, 0, 0, 0]
0525: [1, 0, 0, 1, 1, 0, 0, 0, 0, 0]
0526: [0, 1, 0, 1, 1, 0, 0, 0, 0, 0]
0527: [1, 1, 0, 1, 1, 0, 0, 0, 0, 0]
0528: [0, 0, 1, 1, 1, 0, 0, 0, 0, 0]
0529: [1, 0, 1, 1, 1, 0, 0, 0, 0, 0]
0530: [0, 1, 1, 1, 1, 0, 0, 0, 0, 0]
0531: [1, 1, 1, 1, 1, 0, 0, 0, 0, 0]
0532: [0, 0, 0, 0, 0, 1, 0, 0, 0, 0]
0533: [1, 0, 0, 0, 0, 1, 0, 0, 0, 0]
0534: [0, 1, 0, 0, 0, 1, 0, 0, 0, 0]
0535: [1, 1, 0, 0, 0, 1, 0, 0, 0, 0]
0536: [0, 0, 1, 0, 0, 1, 0, 0, 0, 0]
0537: [1, 0, 1, 0, 0, 1, 0, 0, 0, 0]
0538: [0, 1, 1, 0, 0, 1, 0, 0, 0, 0]
0539: [1, 1, 1, 0, 0, 1, 0, 0, 0, 0]
0540: [0, 0, 0, 1, 0, 1, 0, 0, 0, 0]
0541: [1, 0, 0, 1, 0, 1, 0, 0, 0, 0]
0542: [0, 1, 0, 1, 0, 1, 0, 0, 0, 0]
0543: [1, 1, 0, 1, 0, 1, 0, 0, 0, 0]
0544: [0, 0, 1, 1, 0, 1, 0, 0, 0, 0]
0545: [1, 0, 1, 1, 0, 1, 0, 0, 0, 0]
0546: [0, 1, 1, 1, 0, 1, 0, 0, 0, 0]
0547: [1, 1, 1, 1, 0, 1, 0, 0, 0, 0]
0548: [0, 0, 0, 0, 1, 1, 0, 0, 0, 0]
0549: [1, 0, 0, 0, 1, 1, 0, 0, 0, 0]
0550: [0, 1, 0, 0, 1, 1, 0, 0, 0, 0]
0551: [1, 1, 0, 0, 1, 1, 0, 0, 0, 0]
0552: [0, 0, 1, 0, 1, 1, 0, 0, 0, 0]
0553: [1, 0, 1, 0, 1, 1, 0, 0, 0, 0]
0554: [0, 1, 1, 0, 1, 1, 0, 0, 0, 0]
0555: [1, 1, 1, 0, 1, 1, 0, 0, 0, 0]
0556: [0, 0, 0, 1, 1, 1, 0, 0, 0, 0]
0557: [1, 0, 0, 1, 1, 1, 0, 0, 0, 0]
0558: [0, 1, 0, 1, 1, 1, 0, 0, 0, 0]
0559: [1, 1, 0, 1, 1, 1, 0, 0, 0, 0]
0560: [0, 0, 1, 1, 1, 1, 0, 0, 0, 0]
0561: [1, 0, 1, 1, 1, 1, 0, 0, 0, 0]
0562: [0, 1, 1, 1, 1, 1, 0, 0, 0, 0]
0563: [1, 1, 1, 1, 1, 1, 0, 0, 0, 0]
0564: [0, 0, 0, 0, 0, 0, 1, 0, 0, 0]
0565: [1, 0, 0, 0, 0, 0, 1, 0, 0, 0]
0566: [0, 1, 0, 0, 0, 0, 1, 0, 0, 0]
0567: [1, 1, 0, 0, 0, 0, 1, 0, 0, 0]
0568: [0, 0, 1, 0, 0, 0, 1, 0, 0, 0]
0569: [1, 0, 1, 0, 0, 0, 1, 0, 0, 0]
0570: [0, 1, 1, 0, 0, 0, 1, 0, 0, 0]
0571: [1, 1, 1, 0, 0, 0, 1, 0, 0, 0]
0572: [0, 0, 0, 1, 0, 0, 1, 0, 0, 0]
0573: [1, 0, 0, 1, 0, 0, 1, 0, 0, 0]
0574: [0, 1, 0, 1, 0, 0, 1, 0, 0, 0]
0575: [1, 1, 0, 1, 0, 0, 1, 0, 0, 0]
0576: [0, 0, 1, 1, 0, 0, 1, 0, 0, 0]
0577: [1, 0, 1, 1, 0, 0, 1, 0, 0, 0]
0578: [0, 1, 1, 1, 0, 0, 1, 0, 0, 0]
0579: [1, 1, 1, 1, 0, 0, 1, 0, 0, 0]
0580: [0, 0, 0, 0, 1, 0, 1, 0, 0, 0]
0581: [1, 0, 0, 0, 1, 0, 1, 0, 0, 0]
0582: [0, 1, 0, 0, 1, 0, 1, 0, 0, 0]
0583: [1, 1, 0, 0, 1, 0, 1, 0, 0, 0]
0584: [0, 0, 1, 0, 1, 0, 1, 0, 0, 0]
0585: [1, 0, 1, 0, 1, 0, 1, 0, 0, 0]
0586: [0, 1, 1, 0, 1, 0, 1, 0, 0, 0]
0587: [1, 1, 1, 0, 1, 0, 1, 0, 0, 0]
0588: [0, 0, 0, 1, 1, 0, 1, 0, 0, 0]
0589: [1, 0, 0, 1, 1, 0, 1, 0, 0, 0]
0590: [0, 1, 0, 1, 1, 0, 1, 0, 0, 0]
0591: [1, 1, 0, 1, 1, 0, 1, 0, 0, 0]
0592: [0, 0, 1, 1, 1, 0, 1, 0, 0, 0]
0593: [1, 0, 1, 1, 1, 0, 1, 0, 0, 0]
0594: [0, 1, 1, 1, 1, 0, 1, 0, 0, 0]
0595: [1, 1, 1, 1, 1, 0, 1, 0, 0, 0]
0596: [0, 0, 0, 0, 0, 1, 1, 0, 0, 0]
0597: [1, 0, 0, 0, 0, 1, 1, 0, 0, 0]
0598: [0, 1, 0, 0, 0, 1, 1, 0, 0, 0]
0599: [1, 1, 0, 0, 0, 1, 1, 0, 0, 0]
0600: [0, 0, 1, 0, 0, 1, 1, 0, 0, 0]
0601: [1, 0, 1, 0, 0, 1, 1, 0, 0, 0]
0602: [0, 1, 1, 0, 0, 1, 1, 0, 0, 0]
0603: [1, 1, 1, 0, 0, 1, 1, 0, 0, 0]
0604: [0, 0, 0, 1, 0, 1, 1, 0, 0, 0]
0605: [1, 0, 0, 1, 0, 1, 1, 0, 0, 0]
0606: [0, 1, 0, 1, 0, 1, 1, 0, 0, 0]
0607: [1, 1, 0, 1, 0, 1, 1, 0, 0, 0]
0608: [0, 0, 1, 1, 0, 1, 1, 0, 0, 0]
0609: [1, 0, 1, 1, 0, 1, 1, 0, 0, 0]
0610: [0, 1, 1, 1, 0, 1, 1, 0, 0, 0]
0611: [1, 1, 1, 1, 0, 1, 1, 0, 0, 0]
0612: [0, 0, 0, 0, 1, 1, 1, 0, 0, 0]
0613: [1, 0, 0, 0, 1, 1, 1, 0, 0, 0]
0614: [0, 1, 0, 0, 1, 1, 1, 0, 0, 0]
0615: [1, 1, 0, 0, 1, 1, 1, 0, 0, 0]
0616: [0, 0, 1, 0, 1, 1, 1, 0, 0, 0]
0617: [1, 0, 1, 0, 1, 1, 1, 0, 0, 0]
0618: [0, 1, 1, 0, 1, 1, 1, 0, 0, 0]
0619: [1, 1, 1, 0, 1, 1, 1, 0, 0, 0]
0620: [0, 0, 0, 1, 1, 1, 1, 0, 0, 0]
0621: [1, 0, 0, 1, 1, 1, 1, 0, 0, 0]
0622: [0, 1, 0, 1, 1, 1, 1, 0, 0, 0]
0623: [1, 1, 0, 1, 1, 1, 1, 0, 0, 0]
0624: [0, 0, 1, 1, 1, 1, 1, 0, 0, 0]
0625: [1, 0, 1, 1, 1, 1, 1, 0, 0, 0]
0626: [0, 1, 1, 1, 1, 1, 1, 0, 0, 0]
0627: [1, 1, 1, 1, 1, 1, 1, 0, 0, 0]
0628: [0, 0, 0, 0, 0, 0, 0, 1, 0, 0]
0629: [1, 0, 0, 0, 0, 0, 0, 1, 0, 0]
0630: [0, 1, 0, 0, 0, 0, 0, 1, 0, 0]
0631: [1, 1, 0, 0, 0, 0, 0, 1, 0, 0]
0632: [0, 0, 1, 0, 0, 0, 0, 1, 0, 0]
0633: [1, 0, 1, 0, 0, 0, 0, 1, 0, 0]
0634: [0, 1, 1, 0, 0, 0, 0, 1, 0, 0]
0635: [1, 1, 1, 0, 0, 0, 0, 1, 0, 0]
0636: [0, 0, 0, 1, 0, 0, 0, 1, 0, 0]
0637: [1, 0, 0, 1, 0, 0, 0, 1, 0, 0]
0638: [0, 1, 0, 1, 0, 0, 0, 1, 0, 0]
0639: [1, 1, 0, 1, 0, 0, 0, 1, 0, 0]
0640: [0, 0, 1, 1, 0, 0, 0, 1, 0, 0]
0641: [1, 0, 1, 1, 0, 0, 0, 1, 0, 0]
0642: [0, 1, 1, 1, 0, 0, 0, 1, 0, 0]
0643: [1, 1, 1, 1, 0, 0, 0, 1, 0, 0]
0644: [0, 0, 0, 0, 1, 0, 0, 1, 0, 0]
0645: [1, 0, 0, 0, 1, 0, 0, 1, 0, 0]
0646: [0, 1, 0, 0, 1, 0, 0, 1, 0, 0]
0647: [1, 1, 0, 0, 1, 0, 0, 1, 0, 0]
0648: [0, 0, 1, 0, 1, 0, 0, 1, 0, 0]
0649: [1, 0, 1, 0, 1, 0, 0, 1, 0, 0]
0650: [0, 1, 1, 0, 1, 0, 0, 1, 0, 0]
0651: [1, 1, 1, 0, 1, 0, 0, 1, 0, 0]
0652: [0, 0, 0, 1, 1, 0, 0, 1, 0, 0]
0653: [1, 0, 0, 1, 1, 0, 0, 1, 0, 0]
0654: [0, 1, 0, 1, 1, 0, 0, 1, 0, 0]
0655: [1, 1, 0, 1, 1, 0, 0, 1, 0, 0]
0656: [0, 0, 1, 1, 1, 0, 0, 1, 0, 0]
0657: [1, 0, 1, 1, 1, 0, 0, 1, 0, 0]
0658: [0, 1, 1, 1, 1, 0, 0, 1, 0, 0]
0659: [1, 1, 1, 1, 1, 0, 0, 1, 0, 0]
0660: [0, 0, 0, 0, 0, 1, 0, 1, 0, 0]
0661: [1, 0, 0, 0, 0, 1, 0, 1, 0, 0]
0662: [0, 1, 0, 0, 0, 1, 0, 1, 0, 0]
0663: [1, 1, 0, 0, 0, 1, 0, 1, 0, 0]
0664: [0, 0, 1, 0, 0, 1, 0, 1, 0, 0]
0665: [1, 0, 1, 0, 0, 1, 0, 1, 0, 0]
0666: [0, 1, 1, 0, 0, 1, 0, 1, 0, 0]
0667: [1, 1, 1, 0, 0, 1, 0, 1, 0, 0]
0668: [0, 0, 0, 1, 0, 1, 0, 1, 0, 0]
0669: [1, 0, 0, 1, 0, 1, 0, 1, 0, 0]
0670: [0, 1, 0, 1, 0, 1, 0, 1, 0, 0]
0671: [1, 1, 0, 1, 0, 1, 0, 1, 0, 0]
0672: [0, 0, 1, 1, 0, 1, 0, 1, 0, 0]
0673: [1, 0, 1, 1, 0, 1, 0, 1, 0, 0]
0674: [0, 1, 1, 1, 0, 1, 0, 1, 0, 0]
0675: [1, 1, 1, 1, 0, 1, 0, 1, 0, 0]
0676: [0, 0, 0, 0, 1, 1, 0, 1, 0, 0]
0677: [1, 0, 0, 0, 1, 1, 0, 1, 0, 0]
0678: [0, 1, 0, 0, 1, 1, 0, 1, 0, 0]
0679: [1, 1, 0, 0, 1, 1, 0, 1, 0, 0]
0680: [0, 0, 1, 0, 1, 1, 0, 1, 0, 0]
0681: [1, 0, 1, 0, 1, 1, 0, 1, 0, 0]
0682: [0, 1, 1, 0, 1, 1, 0, 1, 0, 0]
0683: [1, 1, 1, 0, 1, 1, 0, 1, 0, 0]
0684: [0, 0, 0, 1, 1, 1, 0, 1, 0, 0]
0685: [1, 0, 0, 1, 1, 1, 0, 1, 0, 0]
0686: [0, 1, 0, 1, 1, 1, 0, 1, 0, 0]
0687: [1, 1, 0, 1, 1, 1, 0, 1, 0, 0]
0688: [0, 0, 1, 1, 1, 1, 0, 1, 0, 0]
0689: [1, 0, 1, 1, 1, 1, 0, 1, 0, 0]
0690: [0, 1, 1, 1, 1, 1, 0, 1, 0, 0]
0691: [1, 1, 1, 1, 1, 1, 0, 1, 0, 0]
0692: [0, 0, 0, 0, 0, 0, 1, 1, 0, 0]
0693: [1, 0, 0, 0, 0, 0, 1, 1, 0, 0]
0694: [0, 1, 0, 0, 0, 0, 1, 1, 0, 0]
0695: [1, 1, 0, 0, 0, 0, 1, 1, 0, 0]
0696: [0, 0, 1, 0, 0, 0, 1, 1, 0, 0]
0697: [1, 0, 1, 0, 0, 0, 1, 1, 0, 0]
0698: [0, 1, 1, 0, 0, 0, 1, 1, 0, 0]
0699: [1, 1, 1, 0, 0, 0, 1, 1, 0, 0]
0700: [0, 0, 0, 1, 0, 0, 1, 1, 0, 0]
0701: [1, 0, 0, 1, 0, 0, 1, 1, 0, 0]
0702: [0, 1, 0, 1, 0, 0, 1, 1, 0, 0]
0703: [1, 1, 0, 1, 0, 0, 1, 1, 0, 0]
0704: [0, 0, 1, 1, 0, 0, 1, 1, 0, 0]
0705: [1, 0, 1, 1, 0, 0, 1, 1, 0, 0]
0706: [0, 1, 1, 1, 0, 0, 1, 1, 0, 0]
0707: [1, 1, 1, 1, 0, 0, 1, 1, 0, 0]
0708: [0, 0, 0, 0, 1, 0, 1, 1, 0, 0]
0709: [1, 0, 0, 0, 1, 0, 1, 1, 0, 0]
0710: [0, 1, 0, 0, 1, 0, 1, 1, 0, 0]
0711: [1, 1, 0, 0, 1, 0, 1, 1, 0, 0]
0712: [0, 0, 1, 0, 1, 0, 1, 1, 0, 0]
0713: [1, 0, 1, 0, 1, 0, 1, 1, 0, 0]
0714: [0, 1, 1, 0, 1, 0, 1, 1, 0, 0]
0715: [1, 1, 1, 0, 1, 0, 1, 1, 0, 0]
0716: [0, 0, 0, 1, 1, 0, 1, 1, 0, 0]
0717: [1, 0, 0, 1, 1, 0, 1, 1, 0, 0]
0718: [0, 1, 0, 1, 1, 0, 1, 1, 0, 0]
0719: [1, 1, 0, 1, 1, 0, 1, 1, 0, 0]
0720: [0, 0, 1, 1, 1, 0, 1, 1, 0, 0]
0721: [1, 0, 1, 1, 1, 0, 1, 1, 0, 0]
0722: [0, 1, 1, 1, 1, 0, 1, 1, 0, 0]
0723: [1, 1, 1, 1, 1, 0, 1, 1, 0, 0]
0724: [0, 0, 0, 0, 0, 1, 1, 1, 0, 0]
0725: [1, 0, 0, 0, 0, 1, 1, 1, 0, 0]
0726: [0, 1, 0, 0, 0, 1, 1, 1, 0, 0]
0727: [1, 1, 0, 0, 0, 1, 1, 1, 0, 0]
0728: [0, 0, 1, 0, 0, 1, 1, 1, 0, 0]
0729: [1, 0, 1, 0, 0, 1, 1, 1, 0, 0]
0730: [0, 1, 1, 0, 0, 1, 1, 1, 0, 0]
0731: [1, 1, 1, 0, 0, 1, 1, 1, 0, 0]
0732: [0, 0, 0, 1, 0, 1, 1, 1, 0, 0]
0733: [1, 0, 0, 1, 0, 1, 1, 1, 0, 0]
0734: [0, 1, 0, 1, 0, 1, 1, 1, 0, 0]
0735: [1, 1, 0, 1, 0, 1, 1, 1, 0, 0]
0736: [0, 0, 1, 1, 0, 1, 1, 1, 0, 0]
0737: [1, 0, 1, 1, 0, 1, 1, 1, 0, 0]
0738: [0, 1, 1, 1, 0, 1, 1, 1, 0, 0]
0739: [1, 1, 1, 1, 0, 1, 1, 1, 0, 0]
0740: [0, 0, 0, 0, 1, 1, 1, 1, 0, 0]
0741: [1, 0, 0, 0, 1, 1, 1, 1, 0, 0]
0742: [0, 1, 0, 0, 1, 1, 1, 1, 0, 0]
0743: [1, 1, 0, 0, 1, 1, 1, 1, 0, 0]
0744: [0, 0, 1, 0, 1, 1, 1, 1, 0, 0]
0745: [1, 0, 1, 0, 1, 1, 1, 1, 0, 0]
0746: [0, 1, 1, 0, 1, 1, 1, 1, 0, 0]
0747: [1, 1, 1, 0, 1, 1, 1, 1, 0, 0]
0748: [0, 0, 0, 1, 1, 1, 1, 1, 0, 0]
0749: [1, 0, 0, 1, 1, 1, 1, 1, 0, 0]
0750: [0, 1, 0, 1, 1, 1, 1, 1, 0, 0]
0751: [1, 1, 0, 1, 1, 1, 1, 1, 0, 0]
0752: [0, 0, 1, 1, 1, 1, 1, 1, 0, 0]
0753: [1, 0, 1, 1, 1, 1, 1, 1, 0, 0]
0754: [0, 1, 1, 1, 1, 1, 1, 1, 0, 0]
0755: [1, 1, 1, 1, 1, 1, 1, 1, 0, 0]
0756: [0, 0, 0, 0, 0, 0, 0, 0, 1, 0]
0757: [1, 0, 0, 0, 0, 0, 0, 0, 1, 0]
0758: [0, 1, 0, 0, 0, 0, 0, 0, 1, 0]
0759: [1, 1, 0, 0, 0, 0, 0, 0, 1, 0]
0760: [0, 0, 1, 0, 0, 0, 0, 0, 1, 0]
0761: [1, 0, 1, 0, 0, 0, 0, 0, 1, 0]
0762: [0, 1, 1, 0, 0, 0, 0, 0, 1, 0]
0763: [1, 1, 1, 0, 0, 0, 0, 0, 1, 0]
0764: [0, 0, 0, 1, 0, 0, 0, 0, 1, 0]
0765: [1, 0, 0, 1, 0, 0, 0, 0, 1, 0]
0766: [0, 1, 0, 1, 0, 0, 0, 0, 1, 0]
0767: [1, 1, 0, 1, 0, 0, 0, 0, 1, 0]
0768: [0, 0, 1, 1, 0, 0, 0, 0, 1, 0]
0769: [1, 0, 1, 1, 0, 0, 0, 0, 1, 0]
0770: [0, 1, 1, 1, 0, 0, 0, 0, 1, 0]
0771: [1, 1, 1, 1, 0, 0, 0, 0, 1, 0]
0772: [0, 0, 0, 0, 1, 0, 0, 0, 1, 0]
0773: [1, 0, 0, 0, 1, 0, 0, 0, 1, 0]
0774: [0, 1, 0, 0, 1, 0, 0, 0, 1, 0]
0775: [1, 1, 0, 0, 1, 0, 0, 0, 1, 0]
0776: [0, 0, 1, 0, 1, 0, 0, 0, 1, 0]
0777: [1, 0, 1, 0, 1, 0, 0, 0, 1, 0]
0778: [0, 1, 1, 0, 1, 0, 0, 0, 1, 0]
0779: [1, 1, 1, 0, 1, 0, 0, 0, 1, 0]
0780: [0, 0, 0, 1, 1, 0, 0, 0, 1, 0]
0781: [1, 0, 0, 1, 1, 0, 0, 0, 1, 0]
0782: [0, 1, 0, 1, 1, 0, 0, 0, 1, 0]
0783: [1, 1, 0, 1, 1, 0, 0, 0, 1, 0]
0784: [0, 0, 1, 1, 1, 0, 0, 0, 1, 0]
0785: [1, 0, 1, 1, 1, 0, 0, 0, 1, 0]
0786: [0, 1, 1, 1, 1, 0, 0, 0, 1, 0]
0787: [1, 1, 1, 1, 1, 0, 0, 0, 1, 0]
0788: [0, 0, 0, 0, 0, 1, 0, 0, 1, 0]
0789: [1, 0, 0, 0, 0, 1, 0, 0, 1, 0]
0790: [0, 1, 0, 0, 0, 1, 0, 0, 1, 0]
0791: [1, 1, 0, 0, 0, 1, 0, 0, 1, 0]
0792: [0, 0, 1, 0, 0, 1, 0, 0, 1, 0]
0793: [1, 0, 1, 0, 0, 1, 0, 0, 1, 0]
0794: [0, 1, 1, 0, 0, 1, 0, 0, 1, 0]
0795: [1, 1, 1, 0, 0, 1, 0, 0, 1, 0]
0796: [0, 0, 0, 1, 0, 1, 0, 0, 1, 0]
0797: [1, 0, 0, 1, 0, 1, 0, 0, 1, 0]
0798: [0, 1, 0, 1, 0, 1, 0, 0, 1, 0]
0799: [1, 1, 0, 1, 0, 1, 0, 0, 1, 0]
0800: [0, 0, 1, 1, 0, 1, 0, 0, 1, 0]
0801: [1, 0, 1, 1, 0, 1, 0, 0, 1, 0]
0802: [0, 1, 1, 1, 0, 1, 0, 0, 1, 0]
0803: [1, 1, 1, 1, 0, 1, 0, 0, 1, 0]
0804: [0, 0, 0, 0, 1, 1, 0, 0, 1, 0]
0805: [1, 0, 0, 0, 1, 1, 0, 0, 1, 0]
0806: [0, 1, 0, 0, 1, 1, 0, 0, 1, 0]
0807: [1, 1, 0, 0, 1, 1, 0, 0, 1, 0]
0808: [0, 0, 1, 0, 1, 1, 0, 0, 1, 0]
0809: [1, 0, 1, 0, 1, 1, 0, 0, 1, 0]
0810: [0, 1, 1, 0, 1, 1, 0, 0, 1, 0]
0811: [1, 1, 1, 0, 1, 1, 0, 0, 1, 0]
0812: [0, 0, 0, 1, 1, 1, 0, 0, 1, 0]
0813: [1, 0, 0, 1, 1, 1, 0, 0, 1, 0]
0814: [0, 1, 0, 1, 1, 1, 0, 0, 1, 0]
0815: [1, 1, 0, 1, 1, 1, 0, 0, 1, 0]
0816: [0, 0, 1, 1, 1, 1, 0, 0, 1, 0]
0817: [1, 0, 1, 1, 1, 1, 0, 0, 1, 0]
0818: [0, 1, 1, 1, 1, 1, 0, 0, 1, 0]
0819: [1, 1, 1, 1, 1, 1, 0, 0, 1, 0]
0820: [0, 0, 0, 0, 0, 0, 1, 0, 1, 0]
0821: [1, 0, 0, 0, 0, 0, 1, 0, 1, 0]
0822: [0, 1, 0, 0, 0, 0, 1, 0, 1, 0]
0823: [1, 1, 0, 0, 0, 0, 1, 0, 1, 0]
0824: [0, 0, 1, 0, 0, 0, 1, 0, 1, 0]
0825: [1, 0, 1, 0, 0, 0, 1, 0, 1, 0]
0826: [0, 1, 1, 0, 0, 0, 1, 0, 1, 0]
0827: [1, 1, 1, 0, 0, 0, 1, 0, 1, 0]
0828: [0, 0, 0, 1, 0, 0, 1, 0, 1, 0]
0829: [1, 0, 0, 1, 0, 0, 1, 0, 1, 0]
0830: [0, 1, 0, 1, 0, 0, 1, 0, 1, 0]
0831: [1, 1, 0, 1, 0, 0, 1, 0, 1, 0]
0832: [0, 0, 1, 1, 0, 0, 1, 0, 1, 0]
0833: [1, 0, 1, 1, 0, 0, 1, 0, 1, 0]
0834: [0, 1, 1, 1, 0, 0, 1, 0, 1, 0]
0835: [1, 1, 1, 1, 0, 0, 1, 0, 1, 0]
0836: [0, 0, 0, 0, 1, 0, 1, 0, 1, 0]
0837: [1, 0, 0, 0, 1, 0, 1, 0, 1, 0]
0838: [0, 1, 0, 0, 1, 0, 1, 0, 1, 0]
0839: [1, 1, 0, 0, 1, 0, 1, 0, 1, 0]
0840: [0, 0, 1, 0, 1, 0, 1, 0, 1, 0]
0841: [1, 0, 1, 0, 1, 0, 1, 0, 1, 0]
0842: [0, 1, 1, 0, 1, 0, 1, 0, 1, 0]
0843: [1, 1, 1, 0, 1, 0, 1, 0, 1, 0]
0844: [0, 0, 0, 1, 1, 0, 1, 0, 1, 0]
0845: [1, 0, 0, 1, 1, 0, 1, 0, 1, 0]
0846: [0, 1, 0, 1, 1, 0, 1, 0, 1, 0]
0847: [1, 1, 0, 1, 1, 0, 1, 0, 1, 0]
0848: [0, 0, 1, 1, 1, 0, 1, 0, 1, 0]
0849: [1, 0, 1, 1, 1, 0, 1, 0, 1, 0]
0850: [0, 1, 1, 1, 1, 0, 1, 0, 1, 0]
0851: [1, 1, 1, 1, 1, 0, 1, 0, 1, 0]
0852: [0, 0, 0, 0, 0, 1, 1, 0, 1, 0]
0853: [1, 0, 0, 0, 0, 1, 1, 0, 1, 0]
0854: [0, 1, 0, 0, 0, 1, 1, 0, 1, 0]
0855: [1, 1, 0, 0, 0, 1, 1, 0, 1, 0]
0856: [0, 0, 1, 0, 0, 1, 1, 0, 1, 0]
0857: [1, 0, 1, 0, 0, 1, 1, 0, 1, 0]
0858: [0, 1, 1, 0, 0, 1, 1, 0, 1, 0]
0859: [1, 1, 1, 0, 0, 1, 1, 0, 1, 0]
0860: [0, 0, 0, 1, 0, 1, 1, 0, 1, 0]
0861: [1, 0, 0, 1, 0, 1, 1, 0, 1, 0]
0862: [0, 1, 0, 1, 0, 1, 1, 0, 1, 0]
0863: [1, 1, 0, 1, 0, 1, 1, 0, 1, 0]
0864: [0, 0, 1, 1, 0, 1, 1, 0, 1, 0]
0865: [1, 0, 1, 1, 0, 1, 1, 0, 1, 0]
0866: [0, 1, 1, 1, 0, 1, 1, 0, 1, 0]
0867: [1, 1, 1, 1, 0, 1, 1, 0, 1, 0]
0868: [0, 0, 0, 0, 1, 1, 1, 0, 1, 0]
0869: [1, 0, 0, 0, 1, 1, 1, 0, 1, 0]
0870: [0, 1, 0, 0, 1, 1, 1, 0, 1, 0]
0871: [1, 1, 0, 0, 1, 1, 1, 0, 1, 0]
0872: [0, 0, 1, 0, 1, 1, 1, 0, 1, 0]
0873: [1, 0, 1, 0, 1, 1, 1, 0, 1, 0]
0874: [0, 1, 1, 0, 1, 1, 1, 0, 1, 0]
0875: [1, 1, 1, 0, 1, 1, 1, 0, 1, 0]
0876: [0, 0, 0, 1, 1, 1, 1, 0, 1, 0]
0877: [1, 0, 0, 1, 1, 1, 1, 0, 1, 0]
0878: [0, 1, 0, 1, 1, 1, 1, 0, 1, 0]
0879: [1, 1, 0, 1, 1, 1, 1, 0, 1, 0]
0880: [0, 0, 1, 1, 1, 1, 1, 0, 1, 0]
0881: [1, 0, 1, 1, 1, 1, 1, 0, 1, 0]
0882: [0, 1, 1, 1, 1, 1, 1, 0, 1, 0]
0883: [1, 1, 1, 1, 1, 1, 1, 0, 1, 0]
0884: [0, 0, 0, 0, 0, 0, 0, 1, 1, 0]
0885: [1, 0, 0, 0, 0, 0, 0, 1, 1, 0]
0886: [0, 1, 0, 0, 0, 0, 0, 1, 1, 0]
0887: [1, 1, 0, 0, 0, 0, 0, 1, 1, 0]
0888: [0, 0, 1, 0, 0, 0, 0, 1, 1, 0]
0889: [1, 0, 1, 0, 0, 0, 0, 1, 1, 0]
0890: [0, 1, 1, 0, 0, 0, 0, 1, 1, 0]
0891: [1, 1, 1, 0, 0, 0, 0, 1, 1, 0]
0892: [0, 0, 0, 1, 0, 0, 0, 1, 1, 0]
0893: [1, 0, 0, 1, 0, 0, 0, 1, 1, 0]
0894: [0, 1, 0, 1, 0, 0, 0, 1, 1, 0]
0895: [1, 1, 0, 1, 0, 0, 0, 1, 1, 0]
0896: [0, 0, 1, 1, 0, 0, 0, 1, 1, 0]
0897: [1, 0, 1, 1, 0, 0, 0, 1, 1, 0]
0898: [0, 1, 1, 1, 0, 0, 0, 1, 1, 0]
0899: [1, 1, 1, 1, 0, 0, 0, 1, 1, 0]
0900: [0, 0, 0, 0, 1, 0, 0, 1, 1, 0]
0901: [1, 0, 0, 0, 1, 0, 0, 1, 1, 0]
0902: [0, 1, 0, 0, 1, 0, 0, 1, 1, 0]
0903: [1, 1, 0, 0, 1, 0, 0, 1, 1, 0]
0904: [0, 0, 1, 0, 1, 0, 0, 1, 1, 0]
0905: [1, 0, 1, 0, 1, 0, 0, 1, 1, 0]
0906: [0, 1, 1, 0, 1, 0, 0, 1, 1, 0]
0907: [1, 1, 1, 0, 1, 0, 0, 1, 1, 0]
0908: [0, 0, 0, 1, 1, 0, 0, 1, 1, 0]
0909: [1, 0, 0, 1, 1, 0, 0, 1, 1, 0]
0910: [0, 1, 0, 1, 1, 0, 0, 1, 1, 0]
0911: [1, 1, 0, 1, 1, 0, 0, 1, 1, 0]
0912: [0, 0, 1, 1, 1, 0, 0, 1, 1, 0]
0913: [1, 0, 1, 1, 1, 0, 0, 1, 1, 0]
0914: [0, 1, 1, 1, 1, 0, 0, 1, 1, 0]
0915: [1, 1, 1, 1, 1, 0, 0, 1, 1, 0]
0916: [0, 0, 0, 0, 0, 1, 0, 1, 1, 0]
0917: [1, 0, 0, 0, 0, 1, 0, 1, 1, 0]
0918: [0, 1, 0, 0, 0, 1, 0, 1, 1, 0]
0919: [1, 1, 0, 0, 0, 1, 0, 1, 1, 0]
0920: [0, 0, 1, 0, 0, 1, 0, 1, 1, 0]
0921: [1, 0, 1, 0, 0, 1, 0, 1, 1, 0]
0922: [0, 1, 1, 0, 0, 1, 0, 1, 1, 0]
0923: [1, 1, 1, 0, 0, 1, 0, 1, 1, 0]
0924: [0, 0, 0, 1, 0, 1, 0, 1, 1, 0]
0925: [1, 0, 0, 1, 0, 1, 0, 1, 1, 0]
0926: [0, 1, 0, 1, 0, 1, 0, 1, 1, 0]
0927: [1, 1, 0, 1, 0, 1, 0, 1, 1, 0]
0928: [0, 0, 1, 1, 0, 1, 0, 1, 1, 0]
0929: [1, 0, 1, 1, 0, 1, 0, 1, 1, 0]
0930: [0, 1, 1, 1, 0, 1, 0, 1, 1, 0]
0931: [1, 1, 1, 1, 0, 1, 0, 1, 1, 0]
0932: [0, 0, 0, 0, 1, 1, 0, 1, 1, 0]
0933: [1, 0, 0, 0, 1, 1, 0, 1, 1, 0]
0934: [0, 1, 0, 0, 1, 1, 0, 1, 1, 0]
0935: [1, 1, 0, 0, 1, 1, 0, 1, 1, 0]
0936: [0, 0, 1, 0, 1, 1, 0, 1, 1, 0]
0937: [1, 0, 1, 0, 1, 1, 0, 1, 1, 0]
0938: [0, 1, 1, 0, 1, 1, 0, 1, 1, 0]
0939: [1, 1, 1, 0, 1, 1, 0, 1, 1, 0]
0940: [0, 0, 0, 1, 1, 1, 0, 1, 1, 0]
0941: [1, 0, 0, 1, 1, 1, 0, 1, 1, 0]
0942: [0, 1, 0, 1, 1, 1, 0, 1, 1, 0]
0943: [1, 1, 0, 1, 1, 1, 0, 1, 1, 0]
0944: [0, 0, 1, 1, 1, 1, 0, 1, 1, 0]
0945: [1, 0, 1, 1, 1, 1, 0, 1, 1, 0]
0946: [0, 1, 1, 1, 1, 1, 0, 1, 1, 0]
0947: [1, 1, 1, 1, 1, 1, 0, 1, 1, 0]
0948: [0, 0, 0, 0, 0, 0, 1, 1, 1, 0]
0949: [1, 0, 0, 0, 0, 0, 1, 1, 1, 0]
0950: [0, 1, 0, 0, 0, 0, 1, 1, 1, 0]
0951: [1, 1, 0, 0, 0, 0, 1, 1, 1, 0]
0952: [0, 0, 1, 0, 0, 0, 1, 1, 1, 0]
0953: [1, 0, 1, 0, 0, 0, 1, 1, 1, 0]
0954: [0, 1, 1, 0, 0, 0, 1, 1, 1, 0]
0955: [1, 1, 1, 0, 0, 0, 1, 1, 1, 0]
0956: [0, 0, 0, 1, 0, 0, 1, 1, 1, 0]
0957: [1, 0, 0, 1, 0, 0, 1, 1, 1, 0]
0958: [0, 1, 0, 1, 0, 0, 1, 1, 1, 0]
0959: [1, 1, 0, 1, 0, 0, 1, 1, 1, 0]
0960: [0, 0, 1, 1, 0, 0, 1, 1, 1, 0]
0961: [1, 0, 1, 1, 0, 0, 1, 1, 1, 0]
0962: [0, 1, 1, 1, 0, 0, 1, 1, 1, 0]
0963: [1, 1, 1, 1, 0, 0, 1, 1, 1, 0]
0964: [0, 0, 0, 0, 1, 0, 1, 1, 1, 0]
0965: [1, 0, 0, 0, 1, 0, 1, 1, 1, 0]
0966: [0, 1, 0, 0, 1, 0, 1, 1, 1, 0]
0967: [1, 1, 0, 0, 1, 0, 1, 1, 1, 0]
0968: [0, 0, 1, 0, 1, 0, 1, 1, 1, 0]
0969: [1, 0, 1, 0, 1, 0, 1, 1, 1, 0]
0970: [0, 1, 1, 0, 1, 0, 1, 1, 1, 0]
0971: [1, 1, 1, 0, 1, 0, 1, 1, 1, 0]
0972: [0, 0, 0, 1, 1, 0, 1, 1, 1, 0]
0973: [1, 0, 0, 1, 1, 0, 1, 1, 1, 0]
0974: [0, 1, 0, 1, 1, 0, 1, 1, 1, 0]
0975: [1, 1, 0, 1, 1, 0, 1, 1, 1, 0]
0976: [0, 0, 1, 1, 1, 0, 1, 1, 1, 0]
0977: [1, 0, 1, 1, 1, 0, 1, 1, 1, 0]
0978: [0, 1, 1, 1, 1, 0, 1, 1, 1, 0]
0979: [1, 1, 1, 1, 1, 0, 1, 1, 1, 0]
0980: [0, 0, 0, 0, 0, 1, 1, 1, 1, 0]
0981: [1, 0, 0, 0, 0, 1, 1, 1, 1, 0]
0982: [0, 1, 0, 0, 0, 1, 1, 1, 1, 0]
0983: [1, 1, 0, 0, 0, 1, 1, 1, 1, 0]
0984: [0, 0, 1, 0, 0, 1, 1, 1, 1, 0]
0985: [1, 0, 1, 0, 0, 1, 1, 1, 1, 0]
0986: [0, 1, 1, 0, 0, 1, 1, 1, 1, 0]
0987: [1, 1, 1, 0, 0, 1, 1, 1, 1, 0]
0988: [0, 0, 0, 1, 0, 1, 1, 1, 1, 0]
0989: [1, 0, 0, 1, 0, 1, 1, 1, 1, 0]
0990: [0, 1, 0, 1, 0, 1, 1, 1, 1, 0]
0991: [1, 1, 0, 1, 0, 1, 1, 1, 1, 0]
0992: [0, 0, 1, 1, 0, 1, 1, 1, 1, 0]
0993: [1, 0, 1, 1, 0, 1, 1, 1, 1, 0]
0994: [0, 1, 1, 1, 0, 1, 1, 1, 1, 0]
0995: [1, 1, 1, 1, 0, 1, 1, 1, 1, 0]
0996: [0, 0, 0, 0, 1, 1, 1, 1, 1, 0]
0997: [1, 0, 0, 0, 1, 1, 1, 1, 1, 0]
0998: [0, 1, 0, 0, 1, 1, 1, 1, 1, 0]
0999: [1, 1, 0, 0, 1, 1, 1, 1, 1, 0]
1000: [0, 0, 1, 0, 1, 1, 1, 1, 1, 0]
1001: [1, 0, 1, 0, 1, 1, 1, 1, 1, 0]
1002: [0, 1, 1, 0, 1, 1, 1, 1, 1, 0]
1003: [1, 1, 1, 0, 1, 1, 1, 1, 1, 0]
1004: [0, 0, 0, 1, 1, 1, 1, 1, 1, 0]
1005: [1, 0, 0, 1, 1, 1, 1, 1, 1, 0]
1006: [0, 1, 0, 1, 1, 1, 1, 1, 1, 0]
1007: [1, 1, 0, 1, 1, 1, 1, 1, 1, 0]
1008: [0, 0, 1, 1, 1, 1, 1, 1, 1, 0]
1009: [1, 0, 1, 1, 1, 1, 1, 1, 1, 0]
1010: [0, 1, 1, 1, 1, 1, 1, 1, 1, 0]
1011: [1, 1, 1, 1, 1, 1, 1, 1, 1, 0]
1012: [0, 0, 0, 0, 0, 0, 0, 0, 0, 1]
1013: [1, 0, 0, 0, 0, 0, 0, 0, 0, 1]
1014: [0, 1, 0, 0, 0, 0, 0, 0, 0, 1]
1015: [1, 1, 0, 0, 0, 0, 0, 0, 0, 1]
1016: [0, 0, 1, 0, 0, 0, 0, 0, 0, 1]
1017: [1, 0, 1, 0, 0, 0, 0, 0, 0, 1]
1018: [0, 1, 1, 0, 0, 0, 0, 0, 0, 1]
1019: [1, 1, 1, 0, 0, 0, 0, 0, 0, 1]
1020: [0, 0, 0, 1, 0, 0, 0, 0, 0, 1]
1021: [1, 0, 0, 1, 0, 0, 0, 0, 0, 1]
1022: [0, 1, 0, 1, 0, 0, 0, 0, 0, 1]
1023: [1, 1, 0, 1, 0, 0, 0, 0, 0, 1]
1024: [0, 0, 1, 1, 0, 0, 0, 0, 0, 1]
1025: [1, 0, 1, 1, 0, 0, 0, 0, 0, 1]
1026: [0, 1, 1, 1, 0, 0, 0, 0, 0, 1]
1027: [1, 1, 1, 1, 0, 0, 0, 0, 0, 1]
1028: [0, 0, 0, 0, 1, 0, 0, 0, 0, 1]
1029: [1, 0, 0, 0, 1, 0, 0, 0, 0, 1]
1030: [0, 1, 0, 0, 1, 0, 0, 0, 0, 1]
1031: [1, 1, 0, 0, 1, 0, 0, 0, 0, 1]
1032: [0, 0, 1, 0, 1, 0, 0, 0, 0, 1]
1033: [1, 0, 1, 0, 1, 0, 0, 0, 0, 1]
1034: [0, 1, 1, 0, 1, 0, 0, 0, 0, 1]
1035: [1, 1, 1, 0, 1, 0, 0, 0, 0, 1]
1036: [0, 0, 0, 1, 1, 0, 0, 0, 0, 1]
1037: [1, 0, 0, 1, 1, 0, 0, 0, 0, 1]
1038: [0, 1, 0, 1, 1, 0, 0, 0, 0, 1]
1039: [1, 1, 0, 1, 1, 0, 0, 0, 0, 1]
1040: [0, 0, 1, 1, 1, 0, 0, 0, 0, 1]
1041: [1, 0, 1, 1, 1, 0, 0, 0, 0, 1]
1042: [0, 1, 1, 1, 1, 0, 0, 0, 0, 1]
1043: [1, 1, 1, 1, 1, 0, 0, 0, 0, 1]
1044: [0, 0, 0, 0, 0, 1, 0, 0, 0, 1]
1045: [1, 0, 0, 0, 0, 1, 0, 0, 0, 1]
1046: [0, 1, 0, 0, 0, 1, 0, 0, 0, 1]
1047: [1, 1, 0, 0, 0, 1, 0, 0, 0, 1]
1048: [0, 0, 1, 0, 0, 1, 0, 0, 0, 1]
1049: [1, 0, 1, 0, 0, 1, 0, 0, 0, 1]
1050: [0, 1, 1, 0, 0, 1, 0, 0, 0, 1]
1051: [1, 1, 1, 0, 0, 1, 0, 0, 0, 1]
1052: [0, 0, 0, 1, 0, 1, 0, 0, 0, 1]
1053: [1, 0, 0, 1, 0, 1, 0, 0, 0, 1]
1054: [0, 1, 0, 1, 0, 1, 0, 0, 0, 1]
1055: [1, 1, 0, 1, 0, 1, 0, 0, 0, 1]
1056: [0, 0, 1, 1, 0, 1, 0, 0, 0, 1]
1057: [1, 0, 1, 1, 0, 1, 0, 0, 0, 1]
1058: [0, 1, 1, 1, 0, 1, 0, 0, 0, 1]
1059: [1, 1, 1, 1, 0, 1, 0, 0, 0, 1]
1060: [0, 0, 0, 0, 1, 1, 0, 0, 0, 1]
1061: [1, 0, 0, 0, 1, 1, 0, 0, 0, 1]
1062: [0, 1, 0, 0, 1, 1, 0, 0, 0, 1]
1063: [1, 1, 0, 0, 1, 1, 0, 0, 0, 1]
1064: [0, 0, 1, 0, 1, 1, 0, 0, 0, 1]
1065: [1, 0, 1, 0, 1, 1, 0, 0, 0, 1]
1066: [0, 1, 1, 0, 1, 1, 0, 0, 0, 1]
1067: [1, 1, 1, 0, 1, 1, 0, 0, 0, 1]
1068: [0, 0, 0, 1, 1, 1, 0, 0, 0, 1]
1069: [1, 0, 0, 1, 1, 1, 0, 0, 0, 1]
1070: [0, 1, 0, 1, 1, 1, 0, 0, 0, 1]
1071: [1, 1, 0, 1, 1, 1, 0, 0, 0, 1]
1072: [0, 0, 1, 1, 1, 1, 0, 0, 0, 1]
1073: [1, 0, 1, 1, 1, 1, 0, 0, 0, 1]
1074: [0, 1, 1, 1, 1, 1, 0, 0, 0, 1]
1075: [1, 1, 1, 1, 1, 1, 0, 0, 0, 1]
1076: [0, 0, 0, 0, 0, 0, 1, 0, 0, 1]
1077: [1, 0, 0, 0, 0, 0, 1, 0, 0, 1]
1078: [0, 1, 0, 0, 0, 0, 1, 0, 0, 1]
1079: [1, 1, 0, 0, 0, 0, 1, 0, 0, 1]
1080: [0, 0, 1, 0, 0, 0, 1, 0, 0, 1]
1081: [1, 0, 1, 0, 0, 0, 1, 0, 0, 1]
1082: [0, 1, 1, 0, 0, 0, 1, 0, 0, 1]
1083: [1, 1, 1, 0, 0, 0, 1, 0, 0, 1]
1084: [0, 0, 0, 1, 0, 0, 1, 0, 0, 1]
1085: [1, 0, 0, 1, 0, 0, 1, 0, 0, 1]
1086: [0, 1, 0, 1, 0, 0, 1, 0, 0, 1]
1087: [1, 1, 0, 1, 0, 0, 1, 0, 0, 1]
1088: [0, 0, 1, 1, 0, 0, 1, 0, 0, 1]
1089: [1, 0, 1, 1, 0, 0, 1, 0, 0, 1]
1090: [0, 1, 1, 1, 0, 0, 1, 0, 0, 1]
1091: [1, 1, 1, 1, 0, 0, 1, 0, 0, 1]
1092: [0, 0, 0, 0, 1, 0, 1, 0, 0, 1]
1093: [1, 0, 0, 0, 1, 0, 1, 0, 0, 1]
1094: [0, 1, 0, 0, 1, 0, 1, 0, 0, 1]
1095: [1, 1, 0, 0, 1, 0, 1, 0, 0, 1]
1096: [0, 0, 1, 0, 1, 0, 1, 0, 0, 1]
1097: [1, 0, 1, 0, 1, 0, 1, 0, 0, 1]
1098: [0, 1, 1, 0, 1, 0, 1, 0, 0, 1]
1099: [1, 1, 1, 0, 1, 0, 1, 0, 0, 1]
1100: [0, 0, 0, 1, 1, 0, 1, 0, 0, 1]
1101: [1, 0, 0, 1, 1, 0, 1, 0, 0, 1]
1102: [0, 1, 0, 1, 1, 0, 1, 0, 0, 1]
1103: [1, 1, 0, 1, 1, 0, 1, 0, 0, 1]
1104: [0, 0, 1, 1, 1, 0, 1, 0, 0, 1]
1105: [1, 0, 1, 1, 1, 0, 1, 0, 0, 1]
1106: [0, 1, 1, 1, 1, 0, 1, 0, 0, 1]
1107: [1, 1, 1, 1, 1, 0, 1, 0, 0, 1]
1108: [0, 0, 0, 0, 0, 1, 1, 0, 0, 1]
1109: [1, 0, 0, 0, 0, 1, 1, 0, 0, 1]
1110: [0, 1, 0, 0, 0, 1, 1, 0, 0, 1]
1111: [1, 1, 0, 0, 0, 1, 1, 0, 0, 1]
1112: [0, 0, 1, 0, 0, 1, 1, 0, 0, 1]
1113: [1, 0, 1, 0, 0, 1, 1, 0, 0, 1]
1114: [0, 1, 1, 0, 0, 1, 1, 0, 0, 1]
1115: [1, 1, 1, 0, 0, 1, 1, 0, 0, 1]
1116: [0, 0, 0, 1, 0, 1, 1, 0, 0, 1]
1117: [1, 0, 0, 1, 0, 1, 1, 0, 0, 1]
1118: [0, 1, 0, 1, 0, 1, 1, 0, 0, 1]
1119: [1, 1, 0, 1, 0, 1, 1, 0, 0, 1]
1120: [0, 0, 1, 1, 0, 1, 1, 0, 0, 1]
1121: [1, 0, 1, 1, 0, 1, 1, 0, 0, 1]
1122: [0, 1, 1, 1, 0, 1, 1, 0, 0, 1]
1123: [1, 1, 1, 1, 0, 1, 1, 0, 0, 1]
1124: [0, 0, 0, 0, 1, 1, 1, 0, 0, 1]
1125: [1, 0, 0, 0, 1, 1, 1, 0, 0, 1]
1126: [0, 1, 0, 0, 1, 1, 1, 0, 0, 1]
1127: [1, 1, 0, 0, 1, 1, 1, 0, 0, 1]
1128: [0, 0, 1, 0, 1, 1, 1, 0, 0, 1]
1129: [1, 0, 1, 0, 1, 1, 1, 0, 0, 1]
1130: [0, 1, 1, 0, 1, 1, 1, 0, 0, 1]
1131: [1, 1, 1, 0, 1, 1, 1, 0, 0, 1]
1132: [0, 0, 0, 1, 1, 1, 1, 0, 0, 1]
1133: [1, 0, 0, 1, 1, 1, 1, 0, 0, 1]
1134: [0, 1, 0, 1, 1, 1, 1, 0, 0, 1]
1135: [1, 1, 0, 1, 1, 1, 1, 0, 0, 1]
1136: [0, 0, 1, 1, 1, 1, 1, 0, 0, 1]
1137: [1, 0, 1, 1, 1, 1, 1, 0, 0, 1]
1138: [0, 1, 1, 1, 1, 1, 1, 0, 0, 1]
1139: [1, 1, 1, 1, 1, 1, 1, 0, 0, 1]
1140: [0, 0, 0, 0, 0, 0, 0, 1, 0, 1]
1141: [1, 0, 0, 0, 0, 0, 0, 1, 0, 1]
1142: [0, 1, 0, 0, 0, 0, 0, 1, 0, 1]
1143: [1, 1, 0, 0, 0, 0, 0, 1, 0, 1]
1144: [0, 0, 1, 0, 0, 0, 0, 1, 0, 1]
1145: [1, 0, 1, 0, 0, 0, 0, 1, 0, 1]
1146: [0, 1, 1, 0, 0, 0, 0, 1, 0, 1]
1147: [1, 1, 1, 0, 0, 0, 0, 1, 0, 1]
1148: [0, 0, 0, 1, 0, 0, 0, 1, 0, 1]
1149: [1, 0, 0, 1, 0, 0, 0, 1, 0, 1]
1150: [0, 1, 0, 1, 0, 0, 0, 1, 0, 1]
1151: [1, 1, 0, 1, 0, 0, 0, 1, 0, 1]
1152: [0, 0, 1, 1, 0, 0, 0, 1, 0, 1]
1153: [1, 0, 1, 1, 0, 0, 0, 1, 0, 1]
1154: [0, 1, 1, 1, 0, 0, 0, 1, 0, 1]
1155: [1, 1, 1, 1, 0, 0, 0, 1, 0, 1]
1156: [0, 0, 0, 0, 1, 0, 0, 1, 0, 1]
1157: [1, 0, 0, 0, 1, 0, 0, 1, 0, 1]
1158: [0, 1, 0, 0, 1, 0, 0, 1, 0, 1]
1159: [1, 1, 0, 0, 1, 0, 0, 1, 0, 1]
1160: [0, 0, 1, 0, 1, 0, 0, 1, 0, 1]
1161: [1, 0, 1, 0, 1, 0, 0, 1, 0, 1]
1162: [0, 1, 1, 0, 1, 0, 0, 1, 0, 1]
1163: [1, 1, 1, 0, 1, 0, 0, 1, 0, 1]
1164: [0, 0, 0, 1, 1, 0, 0, 1, 0, 1]
1165: [1, 0, 0, 1, 1, 0, 0, 1, 0, 1]
1166: [0, 1, 0, 1, 1, 0, 0, 1, 0, 1]
1167: [1, 1, 0, 1, 1, 0, 0, 1, 0, 1]
1168: [0, 0, 1, 1, 1, 0, 0, 1, 0, 1]
1169: [1, 0, 1, 1, 1, 0, 0, 1, 0, 1]
1170: [0, 1, 1, 1, 1, 0, 0, 1, 0, 1]
1171: [1, 1, 1, 1, 1, 0, 0, 1, 0, 1]
1172: [0, 0, 0, 0, 0, 1, 0, 1, 0, 1]
1173: [1, 0, 0, 0, 0, 1, 0, 1, 0, 1]
1174: [0, 1, 0, 0, 0, 1, 0, 1, 0, 1]
1175: [1, 1, 0, 0, 0, 1, 0, 1, 0, 1]
1176: [0, 0, 1, 0, 0, 1, 0, 1, 0, 1]
1177: [1, 0, 1, 0, 0, 1, 0, 1, 0, 1]
1178: [0, 1, 1, 0, 0, 1, 0, 1, 0, 1]
1179: [1, 1, 1, 0, 0, 1, 0, 1, 0, 1]
1180: [0, 0, 0, 1, 0, 1, 0, 1, 0, 1]
1181: [1, 0, 0, 1, 0, 1, 0, 1, 0, 1]
1182: [0, 1, 0, 1, 0, 1, 0, 1, 0, 1]
1183: [1, 1, 0, 1, 0, 1, 0, 1, 0, 1]
1184: [0, 0, 1, 1, 0, 1, 0, 1, 0, 1]
1185: [1, 0, 1, 1, 0, 1, 0, 1, 0, 1]
1186: [0, 1, 1, 1, 0, 1, 0, 1, 0, 1]
1187: [1, 1, 1, 1, 0, 1, 0, 1, 0, 1]
1188: [0, 0, 0, 0, 1, 1, 0, 1, 0, 1]
1189: [1, 0, 0, 0, 1, 1, 0, 1, 0, 1]
1190: [0, 1, 0, 0, 1, 1, 0, 1, 0, 1]
1191: [1, 1, 0, 0, 1, 1, 0, 1, 0, 1]
1192: [0, 0, 1, 0, 1, 1, 0, 1, 0, 1]
1193: [1, 0, 1, 0, 1, 1, 0, 1, 0, 1]
1194: [0, 1, 1, 0, 1, 1, 0, 1, 0, 1]
1195: [1, 1, 1, 0, 1, 1, 0, 1, 0, 1]
1196: [0, 0, 0, 1, 1, 1, 0, 1, 0, 1]
1197: [1, 0, 0, 1, 1, 1, 0, 1, 0, 1]
1198: [0, 1, 0, 1, 1, 1, 0, 1, 0, 1]
1199: [1, 1, 0, 1, 1, 1, 0, 1, 0, 1]
1200: [0, 0, 1, 1, 1, 1, 0, 1, 0, 1]
1201: [1, 0, 1, 1, 1, 1, 0, 1, 0, 1]
1202: [0, 1, 1, 1, 1, 1, 0, 1, 0, 1]
1203: [1, 1, 1, 1, 1, 1, 0, 1, 0, 1]
1204: [0, 0, 0, 0, 0, 0, 1, 1, 0, 1]
1205: [1, 0, 0, 0, 0, 0, 1, 1, 0, 1]
1206: [0, 1, 0, 0, 0, 0, 1, 1, 0, 1]
1207: [1, 1, 0, 0, 0, 0, 1, 1, 0, 1]
1208: [0, 0, 1, 0, 0, 0, 1, 1, 0, 1]
1209: [1, 0, 1, 0, 0, 0, 1, 1, 0, 1]
1210: [0, 1, 1, 0, 0, 0, 1, 1, 0, 1]
1211: [1, 1, 1, 0, 0, 0, 1, 1, 0, 1]
1212: [0, 0, 0, 1, 0, 0, 1, 1, 0, 1]
1213: [1, 0, 0, 1, 0, 0, 1, 1, 0, 1]
1214: [0, 1, 0, 1, 0, 0, 1, 1, 0, 1]
1215: [1, 1, 0, 1, 0, 0, 1, 1, 0, 1]
1216: [0, 0, 1, 1, 0, 0, 1, 1, 0, 1]
1217: [1, 0, 1, 1, 0, 0, 1, 1, 0, 1]
1218: [0, 1, 1, 1, 0, 0, 1, 1, 0, 1]
1219: [1, 1, 1, 1, 0, 0, 1, 1, 0, 1]
1220: [0, 0, 0, 0, 1, 0, 1, 1, 0, 1]
1221: [1, 0, 0, 0, 1, 0, 1, 1, 0, 1]
1222: [0, 1, 0, 0, 1, 0, 1, 1, 0, 1]
1223: [1, 1, 0, 0, 1, 0, 1, 1, 0, 1]
1224: [0, 0, 1, 0, 1, 0, 1, 1, 0, 1]
1225: [1, 0, 1, 0, 1, 0, 1, 1, 0, 1]
1226: [0, 1, 1, 0, 1, 0, 1, 1, 0, 1]
1227: [1, 1, 1, 0, 1, 0, 1, 1, 0, 1]
1228: [0, 0, 0, 1, 1, 0, 1, 1, 0, 1]
1229: [1, 0, 0, 1, 1, 0, 1, 1, 0, 1]
1230: [0, 1, 0, 1, 1, 0, 1, 1, 0, 1]
1231: [1, 1, 0, 1, 1, 0, 1, 1, 0, 1]
1232: [0, 0, 1, 1, 1, 0, 1, 1, 0, 1]
1233: [1, 0, 1, 1, 1, 0, 1, 1, 0, 1]
1234: [0, 1, 1, 1, 1, 0, 1, 1, 0, 1]
1235: [1, 1, 1, 1, 1, 0, 1, 1, 0, 1]
1236: [0, 0, 0, 0, 0, 1, 1, 1, 0, 1]
1237: [1, 0, 0, 0, 0, 1, 1, 1, 0, 1]
1238: [0, 1, 0, 0, 0, 1, 1, 1, 0, 1]
1239: [1, 1, 0, 0, 0, 1, 1, 1, 0, 1]
1240: [0, 0, 1, 0, 0, 1, 1, 1, 0, 1]
1241: [1, 0, 1, 0, 0, 1, 1, 1, 0, 1]
1242: [0, 1, 1, 0, 0, 1, 1, 1, 0, 1]
1243: [1, 1, 1, 0, 0, 1, 1, 1, 0, 1]
1244: [0, 0, 0, 1, 0, 1, 1, 1, 0, 1]
1245: [1, 0, 0, 1, 0, 1, 1, 1, 0, 1]
1246: [0, 1, 0, 1, 0, 1, 1, 1, 0, 1]
1247: [1, 1, 0, 1, 0, 1, 1, 1, 0, 1]
1248: [0, 0, 1, 1, 0, 1, 1, 1, 0, 1]
1249: [1, 0, 1, 1, 0, 1, 1, 1, 0, 1]
1250: [0, 1, 1, 1, 0, 1, 1, 1, 0, 1]
1251: [1, 1, 1, 1, 0, 1, 1, 1, 0, 1]
1252: [0, 0, 0, 0, 1, 1, 1, 1, 0, 1]
1253: [1, 0, 0, 0, 1, 1, 1, 1, 0, 1]
1254: [0, 1, 0, 0, 1, 1, 1, 1, 0, 1]
1255: [1, 1, 0, 0, 1, 1, 1, 1, 0, 1]
1256: [0, 0, 1, 0, 1, 1, 1, 1, 0, 1]
1257: [1, 0, 1, 0, 1, 1, 1, 1, 0, 1]
1258: [0, 1, 1, 0, 1, 1, 1, 1, 0, 1]
1259: [1, 1, 1, 0, 1, 1, 1, 1, 0, 1]
1260: [0, 0, 0, 1, 1, 1, 1, 1, 0, 1]
1261: [1, 0, 0, 1, 1, 1, 1, 1, 0, 1]
1262: [0, 1, 0, 1, 1, 1, 1, 1, 0, 1]
1263: [1, 1, 0, 1, 1, 1, 1, 1, 0, 1]
1264: [0, 0, 1, 1, 1, 1, 1, 1, 0, 1]
1265: [1, 0, 1, 1, 1, 1, 1, 1, 0, 1]
1266: [0, 1, 1, 1, 1, 1, 1, 1, 0, 1]
1267: [1, 1, 1, 1, 1, 1, 1, 1, 0, 1]
1268: [0, 0, 0, 0, 0, 0, 0, 0, 1, 1]
1269: [1, 0, 0, 0, 0, 0, 0, 0, 1, 1]
1270: [0, 1, 0, 0, 0, 0, 0, 0, 1, 1]
1271: [1, 1, 0, 0, 0, 0, 0, 0, 1, 1]
1272: [0, 0, 1, 0, 0, 0, 0, 0, 1, 1]
1273: [1, 0, 1, 0, 0, 0, 0, 0, 1, 1]
1274: [0, 1, 1, 0, 0, 0, 0, 0, 1, 1]
1275: [1, 1, 1, 0, 0, 0, 0, 0, 1, 1]
1276: [0, 0, 0, 1, 0, 0, 0, 0, 1, 1]
1277: [1, 0, 0, 1, 0, 0, 0, 0, 1, 1]
1278: [0, 1, 0, 1, 0, 0, 0, 0, 1, 1]
1279: [1, 1, 0, 1, 0, 0, 0, 0, 1, 1]
1280: [0, 0, 1, 1, 0, 0, 0, 0, 1, 1]
1281: [1, 0, 1, 1, 0, 0, 0, 0, 1, 1]
1282: [0, 1, 1, 1, 0, 0, 0, 0, 1, 1]
1283: [1, 1, 1, 1, 0, 0, 0, 0, 1, 1]
1284: [0, 0, 0, 0, 1, 0, 0, 0, 1, 1]
1285: [1, 0, 0, 0, 1, 0, 0, 0, 1, 1]
1286: [0, 1, 0, 0, 1, 0, 0, 0, 1, 1]
1287: [1, 1, 0, 0, 1, 0, 0, 0, 1, 1]
1288: [0, 0, 1, 0, 1, 0, 0, 0, 1, 1]
1289: [1, 0, 1, 0, 1, 0, 0, 0, 1, 1]
1290: [0, 1, 1, 0, 1, 0, 0, 0, 1, 1]
1291: [1, 1, 1, 0, 1, 0, 0, 0, 1, 1]
1292: [0, 0, 0, 1, 1, 0, 0, 0, 1, 1]
1293: [1, 0, 0, 1, 1, 0, 0, 0, 1, 1]
1294: [0, 1, 0, 1, 1, 0, 0, 0, 1, 1]
1295: [1, 1, 0, 1, 1, 0, 0, 0, 1, 1]
1296: [0, 0, 1, 1, 1, 0, 0, 0, 1, 1]
1297: [1, 0, 1, 1, 1, 0, 0, 0, 1, 1]
1298: [0, 1, 1, 1, 1, 0, 0, 0, 1, 1]
1299: [1, 1, 1, 1, 1, 0, 0, 0, 1, 1]
1300: [0, 0, 0, 0, 0, 1, 0, 0, 1, 1]
1301: [1, 0, 0, 0, 0, 1, 0, 0, 1, 1]
1302: [0, 1, 0, 0, 0, 1, 0, 0, 1, 1]
1303: [1, 1, 0, 0, 0, 1, 0, 0, 1, 1]
1304: [0, 0, 1, 0, 0, 1, 0, 0, 1, 1]
1305: [1, 0, 1, 0, 0, 1, 0, 0, 1, 1]
1306: [0, 1, 1, 0, 0, 1, 0, 0, 1, 1]
1307: [1, 1, 1, 0, 0, 1, 0, 0, 1, 1]
1308: [0, 0, 0, 1, 0, 1, 0, 0, 1, 1]
1309: [1, 0, 0, 1, 0, 1, 0, 0, 1, 1]
1310: [0, 1, 0, 1, 0, 1, 0, 0, 1, 1]
1311: [1, 1, 0, 1, 0, 1, 0, 0, 1, 1]
1312: [0, 0, 1, 1, 0, 1, 0, 0, 1, 1]
1313: [1, 0, 1, 1, 0, 1, 0, 0, 1, 1]
1314: [0, 1, 1, 1, 0, 1, 0, 0, 1, 1]
1315: [1, 1, 1, 1, 0, 1, 0, 0, 1, 1]
1316: [0, 0, 0, 0, 1, 1, 0, 0, 1, 1]
1317: [1, 0, 0, 0, 1, 1, 0, 0, 1, 1]
1318: [0, 1, 0, 0, 1, 1, 0, 0, 1, 1]
1319: [1, 1, 0, 0, 1, 1, 0, 0, 1, 1]
1320: [0, 0, 1, 0, 1, 1, 0, 0, 1, 1]
1321: [1, 0, 1, 0, 1, 1, 0, 0, 1, 1]
1322: [0, 1, 1, 0, 1, 1, 0, 0, 1, 1]
1323: [1, 1, 1, 0, 1, 1, 0, 0, 1, 1]
1324: [0, 0, 0, 1, 1, 1, 0, 0, 1, 1]
1325: [1, 0, 0, 1, 1, 1, 0, 0, 1, 1]
1326: [0, 1, 0, 1, 1, 1, 0, 0, 1, 1]
1327: [1, 1, 0, 1, 1, 1, 0, 0, 1, 1]
1328: [0, 0, 1, 1, 1, 1, 0, 0, 1, 1]
1329: [1, 0, 1, 1, 1, 1, 0, 0, 1, 1]
1330: [0, 1, 1, 1, 1, 1, 0, 0, 1, 1]
1331: [1, 1, 1, 1, 1, 1, 0, 0, 1, 1]
1332: [0, 0, 0, 0, 0, 0, 1, 0, 1, 1]
1333: [1, 0, 0, 0, 0, 0, 1, 0, 1, 1]
1334: [0, 1, 0, 0, 0, 0, 1, 0, 1, 1]
1335: [1, 1, 0, 0, 0, 0, 1, 0, 1, 1]
1336: [0, 0, 1, 0, 0, 0, 1, 0, 1, 1]
1337: [1, 0, 1, 0, 0, 0, 1, 0, 1, 1]
1338: [0, 1, 1, 0, 0, 0, 1, 0, 1, 1]
1339: [1, 1, 1, 0, 0, 0, 1, 0, 1, 1]
1340: [0, 0, 0, 1, 0, 0, 1, 0, 1, 1]
1341: [1, 0, 0, 1, 0, 0, 1, 0, 1, 1]
1342: [0, 1, 0, 1, 0, 0, 1, 0, 1, 1]
1343: [1, 1, 0, 1, 0, 0, 1, 0, 1, 1]
1344: [0, 0, 1, 1, 0, 0, 1, 0, 1, 1]
1345: [1, 0, 1, 1, 0, 0, 1, 0, 1, 1]
1346: [0, 1, 1, 1, 0, 0, 1, 0, 1, 1]
1347: [1, 1, 1, 1, 0, 0, 1, 0, 1, 1]
1348: [0, 0, 0, 0, 1, 0, 1, 0, 1, 1]
1349: [1, 0, 0, 0, 1, 0, 1, 0, 1, 1]
1350: [0, 1, 0, 0, 1, 0, 1, 0, 1, 1]
1351: [1, 1, 0, 0, 1, 0, 1, 0, 1, 1]
1352: [0, 0, 1, 0, 1, 0, 1, 0, 1, 1]
1353: [1, 0, 1, 0, 1, 0, 1, 0, 1, 1]
1354: [0, 1, 1, 0, 1, 0, 1, 0, 1, 1]
1355: [1, 1, 1, 0, 1, 0, 1, 0, 1, 1]
1356: [0, 0, 0, 1, 1, 0, 1, 0, 1, 1]
1357: [1, 0, 0, 1, 1, 0, 1, 0, 1, 1]
1358: [0, 1, 0, 1, 1, 0, 1, 0, 1, 1]
1359: [1, 1, 0, 1, 1, 0, 1, 0, 1, 1]
1360: [0, 0, 1, 1, 1, 0, 1, 0, 1, 1]
1361: [1, 0, 1, 1, 1, 0, 1, 0, 1, 1]
1362: [0, 1, 1, 1, 1, 0, 1, 0, 1, 1]
1363: [1, 1, 1, 1, 1, 0, 1, 0, 1, 1]
1364: [0, 0, 0, 0, 0, 1, 1, 0, 1, 1]
1365: [1, 0, 0, 0, 0, 1, 1, 0, 1, 1]
1366: [0, 1, 0, 0, 0, 1, 1, 0, 1, 1]
1367: [1, 1, 0, 0, 0, 1, 1, 0, 1, 1]
1368: [0, 0, 1, 0, 0, 1, 1, 0, 1, 1]
1369: [1, 0, 1, 0, 0, 1, 1, 0, 1, 1]
1370: [0, 1, 1, 0, 0, 1, 1, 0, 1, 1]
1371: [1, 1, 1, 0, 0, 1, 1, 0, 1, 1]
1372: [0, 0, 0, 1, 0, 1, 1, 0, 1, 1]
1373: [1, 0, 0, 1, 0, 1, 1, 0, 1, 1]
1374: [0, 1, 0, 1, 0, 1, 1, 0, 1, 1]
1375: [1, 1, 0, 1, 0, 1, 1, 0, 1, 1]
1376: [0, 0, 1, 1, 0, 1, 1, 0, 1, 1]
1377: [1, 0, 1, 1, 0, 1, 1, 0, 1, 1]
1378: [0, 1, 1, 1, 0, 1, 1, 0, 1, 1]
1379: [1, 1, 1, 1, 0, 1, 1, 0, 1, 1]
1380: [0, 0, 0, 0, 1, 1, 1, 0, 1, 1]
1381: [1, 0, 0, 0, 1, 1, 1, 0, 1, 1]
1382: [0, 1, 0, 0, 1, 1, 1, 0, 1, 1]
1383: [1, 1, 0, 0, 1, 1, 1, 0, 1, 1]
1384: [0, 0, 1, 0, 1, 1, 1, 0, 1, 1]
1385: [1, 0, 1, 0, 1, 1, 1, 0, 1, 1]
1386: [0, 1, 1, 0, 1, 1, 1, 0, 1, 1]
1387: [1, 1, 1, 0, 1, 1, 1, 0, 1, 1]
1388: [0, 0, 0, 1, 1, 1, 1, 0, 1, 1]
1389: [1, 0, 0, 1, 1, 1, 1, 0, 1, 1]
1390: [0, 1, 0, 1, 1, 1, 1, 0, 1, 1]
1391: [1, 1, 0, 1, 1, 1, 1, 0, 1, 1]
1392: [0, 0, 1, 1, 1, 1, 1, 0, 1, 1]
1393: [1, 0, 1, 1, 1, 1, 1, 0, 1, 1]
1394: [0, 1, 1, 1, 1, 1, 1, 0, 1, 1]
1395: [1, 1, 1, 1, 1, 1, 1, 0, 1, 1]
1396: [0, 0, 0, 0, 0, 0, 0, 1, 1, 1]
1397: [1, 0, 0, 0, 0, 0, 0, 1, 1, 1]
1398: [0, 1, 0, 0, 0, 0, 0, 1, 1, 1]
1399: [1, 1, 0, 0, 0, 0, 0, 1, 1, 1]
1400: [0, 0, 1, 0, 0, 0, 0, 1, 1, 1]
1401: [1, 0, 1, 0, 0, 0, 0, 1, 1, 1]
1402: [0, 1, 1, 0, 0, 0, 0, 1, 1, 1]
1403: [1, 1, 1, 0, 0, 0, 0, 1, 1, 1]
1404: [0, 0, 0, 1, 0, 0, 0, 1, 1, 1]
1405: [1, 0, 0, 1, 0, 0, 0, 1, 1, 1]
1406: [0, 1, 0, 1, 0, 0, 0, 1, 1, 1]
1407: [1, 1, 0, 1, 0, 0, 0, 1, 1, 1]
1408: [0, 0, 1, 1, 0, 0, 0, 1, 1, 1]
1409: [1, 0, 1, 1, 0, 0, 0, 1, 1, 1]
1410: [0, 1, 1, 1, 0, 0, 0, 1, 1, 1]
1411: [1, 1, 1, 1, 0, 0, 0, 1, 1, 1]
1412: [0, 0, 0, 0, 1, 0, 0, 1, 1, 1]
1413: [1, 0, 0, 0, 1, 0, 0, 1, 1, 1]
1414: [0, 1, 0, 0, 1, 0, 0, 1, 1, 1]
1415: [1, 1, 0, 0, 1, 0, 0, 1, 1, 1]
1416: [0, 0, 1, 0, 1, 0, 0, 1, 1, 1]
1417: [1, 0, 1, 0, 1, 0, 0, 1, 1, 1]
1418: [0, 1, 1, 0, 1, 0, 0, 1, 1, 1]
1419: [1, 1, 1, 0, 1, 0, 0, 1, 1, 1]
1420: [0, 0, 0, 1, 1, 0, 0, 1, 1, 1]
1421: [1, 0, 0, 1, 1, 0, 0, 1, 1, 1]
1422: [0, 1, 0, 1, 1, 0, 0, 1, 1, 1]
1423: [1, 1, 0, 1, 1, 0, 0, 1, 1, 1]
1424: [0, 0, 1, 1, 1, 0, 0, 1, 1, 1]
1425: [1, 0, 1, 1, 1, 0, 0, 1, 1, 1]
1426: [0, 1, 1, 1, 1, 0, 0, 1, 1, 1]
1427: [1, 1, 1, 1, 1, 0, 0, 1, 1, 1]
1428: [0, 0, 0, 0, 0, 1, 0, 1, 1, 1]
1429: [1, 0, 0, 0, 0, 1, 0, 1, 1, 1]
1430: [0, 1, 0, 0, 0, 1, 0, 1, 1, 1]
1431: [1, 1, 0, 0, 0, 1, 0, 1, 1, 1]
1432: [0, 0, 1, 0, 0, 1, 0, 1, 1, 1]
1433: [1, 0, 1, 0, 0, 1, 0, 1, 1, 1]
1434: [0, 1, 1, 0, 0, 1, 0, 1, 1, 1]
1435: [1, 1, 1, 0, 0, 1, 0, 1, 1, 1]
1436: [0, 0, 0, 1, 0, 1, 0, 1, 1, 1]
1437: [1, 0, 0, 1, 0, 1, 0, 1, 1, 1]
1438: [0, 1, 0, 1, 0, 1, 0, 1, 1, 1]
1439: [1, 1, 0, 1, 0, 1, 0, 1, 1, 1]
1440: [0, 0, 1, 1, 0, 1, 0, 1, 1, 1]
1441: [1, 0, 1, 1, 0, 1, 0, 1, 1, 1]
1442: [0, 1, 1, 1, 0, 1, 0, 1, 1, 1]
1443: [1, 1, 1, 1, 0, 1, 0, 1, 1, 1]
1444: [0, 0, 0, 0, 1, 1, 0, 1, 1, 1]
1445: [1, 0, 0, 0, 1, 1, 0, 1, 1, 1]
1446: [0, 1, 0, 0, 1, 1, 0, 1, 1, 1]
1447: [1, 1, 0, 0, 1, 1, 0, 1, 1, 1]
1448: [0, 0, 1, 0, 1, 1, 0, 1, 1, 1]
1449: [1, 0, 1, 0, 1, 1, 0, 1, 1, 1]
1450: [0, 1, 1, 0, 1, 1, 0, 1, 1, 1]
1451: [1, 1, 1, 0, 1, 1, 0, 1, 1, 1]
1452: [0, 0, 0, 1, 1, 1, 0, 1, 1, 1]
1453: [1, 0, 0, 1, 1, 1, 0, 1, 1, 1]
1454: [0, 1, 0, 1, 1, 1, 0, 1, 1, 1]
1455: [1, 1, 0, 1, 1, 1, 0, 1, 1, 1]
1456: [0, 0, 1, 1, 1, 1, 0, 1, 1, 1]
1457: [1, 0, 1, 1, 1, 1, 0, 1, 1, 1]
1458: [0, 1, 1, 1, 1, 1, 0, 1, 1, 1]
1459: [1, 1, 1, 1, 1, 1, 0, 1, 1, 1]
1460: [0, 0, 0, 0, 0, 0, 1, 1, 1, 1]
1461: [1, 0, 0, 0, 0, 0, 1, 1, 1, 1]
1462: [0, 1, 0, 0, 0, 0, 1, 1, 1, 1]
1463: [1, 1, 0, 0, 0, 0, 1, 1, 1, 1]
1464: [0, 0, 1, 0, 0, 0, 1, 1, 1, 1]
1465: [1, 0, 1, 0, 0, 0, 1, 1, 1, 1]
1466: [0, 1, 1, 0, 0, 0, 1, 1, 1, 1]
1467: [1, 1, 1, 0, 0, 0, 1, 1, 1, 1]
1468: [0, 0, 0, 1, 0, 0, 1, 1, 1, 1]
1469: [1, 0, 0, 1, 0, 0, 1, 1, 1, 1]
1470: [0, 1, 0, 1, 0, 0, 1, 1, 1, 1]
1471: [1, 1, 0, 1, 0, 0, 1, 1, 1, 1]
1472: [0, 0, 1, 1, 0, 0, 1, 1, 1, 1]
1473: [1, 0, 1, 1, 0, 0, 1, 1, 1, 1]
1474: [0, 1, 1, 1, 0, 0, 1, 1, 1, 1]
1475: [1, 1, 1, 1, 0, 0, 1, 1, 1, 1]
1476: [0, 0, 0, 0, 1, 0, 1, 1, 1, 1]
1477: [1, 0, 0, 0, 1, 0, 1, 1, 1, 1]
1478: [0, 1, 0, 0, 1, 0, 1, 1, 1, 1]
1479: [1, 1, 0, 0, 1, 0, 1, 1, 1, 1]
1480: [0, 0, 1, 0, 1, 0, 1, 1, 1, 1]
1481: [1, 0, 1, 0, 1, 0, 1, 1, 1, 1]
1482: [0, 1, 1, 0, 1, 0, 1, 1, 1, 1]
1483: [1, 1, 1, 0, 1, 0, 1, 1, 1, 1]
1484: [0, 0, 0, 1, 1, 0, 1, 1, 1, 1]
1485: [1, 0, 0, 1, 1, 0, 1, 1, 1, 1]
1486: [0, 1, 0, 1, 1, 0, 1, 1, 1, 1]
1487: [1, 1, 0, 1, 1, 0, 1, 1, 1, 1]
1488: [0, 0, 1, 1, 1, 0, 1, 1, 1, 1]
1489: [1, 0, 1, 1, 1, 0, 1, 1, 1, 1]
1490: [0, 1, 1, 1, 1, 0, 1, 1, 1, 1]
1491: [1, 1, 1, 1, 1, 0, 1, 1, 1, 1]
1492: [0, 0, 0, 0, 0, 1, 1, 1, 1, 1]
1493: [1, 0, 0, 0, 0, 1, 1, 1, 1, 1]
1494: [0, 1, 0, 0, 0, 1, 1, 1, 1, 1]
1495: [1, 1, 0, 0, 0, 1, 1, 1, 1, 1]
1496: [0, 0, 1, 0, 0, 1, 1, 1, 1, 1]
1497: [1, 0, 1, 0, 0, 1, 1, 1, 1, 1]
1498: [0, 1, 1, 0, 0, 1, 1, 1, 1, 1]
1499: [1, 1, 1, 0, 0, 1, 1, 1, 1, 1]
1500: [0, 0, 0, 1, 0, 1, 1, 1, 1, 1]
1501: [1, 0, 0, 1, 0, 1, 1, 1, 1, 1]
1502: [0, 1, 0, 1, 0, 1, 1, 1, 1, 1]
1503: [1, 1, 0, 1, 0, 1, 1, 1, 1, 1]
1504: [0, 0, 1, 1, 0, 1, 1, 1, 1, 1]
1505: [1, 0, 1, 1, 0, 1, 1, 1, 1, 1]
1506: [0, 1, 1, 1, 0, 1, 1, 1, 1, 1]
1507: [1, 1, 1, 1, 0, 1, 1, 1, 1, 1]
1508: [0, 0, 0, 0, 1, 1, 1, 1, 1, 1]
1509: [1, 0, 0, 0, 1, 1, 1, 1, 1, 1]
1510: [0, 1, 0, 0, 1, 1, 1, 1, 1, 1]
1511: [1, 1, 0, 0, 1, 1, 1, 1, 1, 1]
1512: [0, 0, 1, 0, 1, 1, 1, 1, 1, 1]
1513: [1, 0, 1, 0, 1, 1, 1, 1, 1, 1]
1514: [0, 1, 1, 0, 1, 1, 1, 1, 1, 1]
1515: [1, 1, 1, 0, 1, 1, 1, 1, 1, 1]
1516: [0, 0, 0, 1, 1, 1, 1, 1, 1, 1]
1517: [1, 0, 0, 1, 1, 1, 1, 1, 1, 1]
1518: [0, 1, 0, 1, 1, 1, 1, 1, 1, 1]
1519: [1, 1, 0, 1, 1, 1, 1, 1, 1, 1]
1520: [0, 0, 1, 1, 1, 1, 1, 1, 1, 1]
1521: [1, 0, 1, 1, 1, 1, 1, 1, 1, 1]
1522: [0, 1, 1, 1, 1, 1, 1, 1, 1, 1]
1523: [1, 1, 1, 1, 1, 1, 1, 1, 1, 1]
1524: [0, 0, 0, 0, 0, 0, 0, 0, 0, 0]
1525: [1, 0, 0, 0, 0, 0, 0, 0, 0, 0]
1526: [0, 1, 0, 0, 0, 0, 0, 0, 0, 0]
1527: [1, 1, 0, 0, 0, 0, 0, 0, 0, 0]
1528: [0, 0, 1, 0, 0, 0, 0, 0, 0, 0]
1529: [1, 0, 1, 0, 0, 0, 0, 0, 0, 0]
1530: [0, 1, 1, 0, 0, 0, 0, 0, 0, 0]
1531: [1, 1, 1, 0, 0, 0, 0, 0, 0, 0]
1532: [0, 0, 0, 1, 0, 0, 0, 0, 0, 0]
1533: [1, 0, 0, 1, 0, 0, 0, 0, 0, 0]
1534: [0, 1, 0, 1, 0, 0, 0, 0, 0, 0]
1535: [1, 1, 0, 1, 0, 0, 0, 0, 0, 0]
1536: [0, 0, 1, 1, 0, 0, 0, 0, 0, 0]
1537: [1, 0, 1, 1, 0, 0, 0, 0, 0, 0]
1538: [0, 1, 1, 1, 0, 0, 0, 0, 0, 0]
1539: [1, 1, 1, 1, 0, 0, 0, 0, 0, 0]
1540: [0, 0, 0, 0, 1, 0, 0, 0, 0, 0]
1541: [1, 0, 0, 0, 1, 0, 0, 0, 0, 0]
1542: [0, 1, 0, 0, 1, 0, 0, 0, 0, 0]
1543: [1, 1, 0, 0, 1, 0, 0, 0, 0, 0]
1544: [0, 0, 1, 0, 1, 0, 0, 0, 0, 0]
1545: [1, 0, 1, 0, 1, 0, 0, 0, 0, 0]
1546: [0, 1, 1, 0, 1, 0, 0, 0, 0, 0]
1547: [1, 1, 1, 0, 1, 0, 0, 0, 0, 0]
1548: [0, 0, 0, 1, 1, 0, 0, 0, 0, 0]
1549: [1, 0, 0, 1, 1, 0, 0, 0, 0, 0]
1550: [0, 1, 0, 1, 1, 0, 0, 0, 0, 0]
1551: [1, 1, 0, 1, 1, 0, 0, 0, 0, 0]
1552: [0, 0, 1, 1, 1, 0, 0, 0, 0, 0]
1553: [1, 0, 1, 1, 1, 0, 0, 0, 0, 0]
1554: [0, 1, 1, 1, 1, 0, 0, 0, 0, 0]
1555: [1, 1, 1, 1, 1, 0, 0, 0, 0, 0]
1556: [0, 0, 0, 0, 0, 1, 0, 0, 0, 0]
1557: [1, 0, 0, 0, 0, 1, 0, 0, 0, 0]
1558: [0, 1, 0, 0, 0, 1, 0, 0, 0, 0]
1559: [1, 1, 0, 0, 0, 1, 0, 0, 0, 0]
1560: [0, 0, 1, 0, 0, 1, 0, 0, 0, 0]
1561: [1, 0, 1, 0, 0, 1, 0, 0, 0, 0]
1562: [0, 1, 1, 0, 0, 1, 0, 0, 0, 0]
1563: [1, 1, 1, 0, 0, 1, 0, 0, 0, 0]
1564: [0, 0, 0, 1, 0, 1, 0, 0, 0, 0]
1565: [1, 0, 0, 1, 0, 1, 0, 0, 0, 0]
1566: [0, 1, 0, 1, 0, 1, 0, 0, 0, 0]
1567: [1, 1, 0, 1, 0, 1, 0, 0, 0, 0]
1568: [0, 0, 1, 1, 0, 1, 0, 0, 0, 0]
1569: [1, 0, 1, 1, 0, 1, 0, 0, 0, 0]
1570: [0, 1, 1, 1, 0, 1, 0, 0, 0, 0]
1571: [1, 1, 1, 1, 0, 1, 0, 0, 0, 0]
1572: [0, 0, 0, 0, 1, 1, 0, 0, 0, 0]
1573: [1, 0, 0, 0, 1, 1, 0, 0, 0, 0]
1574: [0, 1, 0, 0, 1, 1, 0, 0, 0, 0]
1575: [1, 1, 0, 0, 1, 1, 0, 0, 0, 0]
1576: [0, 0, 1, 0, 1, 1, 0, 0, 0, 0]
1577: [1, 0, 1, 0, 1, 1, 0, 0, 0, 0]
1578: [0, 1, 1, 0, 1, 1, 0, 0, 0, 0]
1579: [1, 1, 1, 0, 1, 1, 0, 0, 0, 0]
1580: [0, 0, 0, 1, 1, 1, 0, 0, 0, 0]
1581: [1, 0, 0, 1, 1, 1, 0, 0, 0, 0]
1582: [0, 1, 0, 1, 1, 1, 0, 0, 0, 0]
1583: [1, 1, 0, 1, 1, 1, 0, 0, 0, 0]
1584: [0, 0, 1, 1, 1, 1, 0, 0, 0, 0]
1585: [1, 0, 1, 1, 1, 1, 0, 0, 0, 0]
1586: [0, 1, 1, 1, 1, 1, 0, 0, 0, 0]
1587: [1, 1, 1, 1, 1, 1, 0, 0, 0, 0]
1588: [0, 0, 0, 0, 0, 0, 1, 0, 0, 0]
1589: [1, 0, 0, 0, 0, 0, 1, 0, 0, 0]
1590: [0, 1, 0, 0, 0, 0, 1, 0, 0, 0]
1591: [1, 1, 0, 0, 0, 0, 1, 0, 0, 0]
1592: [0, 0, 1, 0, 0, 0, 1, 0, 0, 0]
1593: [1, 0, 1, 0, 0, 0, 1, 0, 0, 0]
1594: [0, 1, 1, 0, 0, 0, 1, 0, 0, 0]
1595: [1, 1, 1, 0, 0, 0, 1, 0, 0, 0]
1596: [0, 0, 0, 1, 0, 0, 1, 0, 0, 0]
1597: [1, 0, 0, 1, 0, 0, 1, 0, 0, 0]
1598: [0, 1, 0, 1, 0, 0, 1, 0, 0, 0]
1599: [1, 1, 0, 1, 0, 0, 1, 0, 0, 0]
1600: [0, 0, 1, 1, 0, 0, 1, 0, 0, 0]
1601: [1, 0, 1, 1, 0, 0, 1, 0, 0, 0]
1602: [0, 1, 1, 1, 0, 0, 1, 0, 0, 0]
1603: [1, 1, 1, 1, 0, 0, 1, 0, 0, 0]
